audio_path,feat_path
LibriSpeech/train-clean-100/103/1240/103-1240-0000.flac,LibriSpeech/train-clean-100/103/1240/103-1240-0000.pt
LibriSpeech/train-clean-100/103/1240/103-1240-0001.flac,LibriSpeech/train-clean-100/103/1240/103-1240-0001.pt
LibriSpeech/train-clean-100/103/1240/103-1240-0002.flac,LibriSpeech/train-clean-100/103/1240/103-1240-0002.pt
LibriSpeech/train-clean-100/103/1240/103-1240-0003.flac,LibriSpeech/train-clean-100/103/1240/103-1240-0003.pt
LibriSpeech/train-clean-100/103/1240/103-1240-0004.flac,LibriSpeech/train-clean-100/103/1240/103-1240-0004.pt
LibriSpeech/train-clean-100/103/1240/103-1240-0005.flac,LibriSpeech/train-clean-100/103/1240/103-1240-0005.pt
LibriSpeech/train-clean-100/103/1240/103-1240-0006.flac,LibriSpeech/train-clean-100/103/1240/103-1240-0006.pt
LibriSpeech/train-clean-100/103/1240/103-1240-0007.flac,LibriSpeech/train-clean-100/103/1240/103-1240-0007.pt
LibriSpeech/train-clean-100/103/1240/103-1240-0008.flac,LibriSpeech/train-clean-100/103/1240/103-1240-0008.pt
LibriSpeech/train-clean-100/103/1240/103-1240-0009.flac,LibriSpeech/train-clean-100/103/1240/103-1240-0009.pt
LibriSpeech/train-clean-100/103/1240/103-1240-0010.flac,LibriSpeech/train-clean-100/103/1240/103-1240-0010.pt
LibriSpeech/train-clean-100/103/1240/103-1240-0011.flac,LibriSpeech/train-clean-100/103/1240/103-1240-0011.pt
LibriSpeech/train-clean-100/103/1240/103-1240-0012.flac,LibriSpeech/train-clean-100/103/1240/103-1240-0012.pt
LibriSpeech/train-clean-100/103/1240/103-1240-0013.flac,LibriSpeech/train-clean-100/103/1240/103-1240-0013.pt
LibriSpeech/train-clean-100/103/1240/103-1240-0014.flac,LibriSpeech/train-clean-100/103/1240/103-1240-0014.pt
LibriSpeech/train-clean-100/103/1240/103-1240-0015.flac,LibriSpeech/train-clean-100/103/1240/103-1240-0015.pt
LibriSpeech/train-clean-100/103/1240/103-1240-0016.flac,LibriSpeech/train-clean-100/103/1240/103-1240-0016.pt
LibriSpeech/train-clean-100/103/1240/103-1240-0017.flac,LibriSpeech/train-clean-100/103/1240/103-1240-0017.pt
LibriSpeech/train-clean-100/103/1240/103-1240-0018.flac,LibriSpeech/train-clean-100/103/1240/103-1240-0018.pt
LibriSpeech/train-clean-100/103/1240/103-1240-0019.flac,LibriSpeech/train-clean-100/103/1240/103-1240-0019.pt
LibriSpeech/train-clean-100/103/1240/103-1240-0020.flac,LibriSpeech/train-clean-100/103/1240/103-1240-0020.pt
LibriSpeech/train-clean-100/103/1240/103-1240-0021.flac,LibriSpeech/train-clean-100/103/1240/103-1240-0021.pt
LibriSpeech/train-clean-100/103/1240/103-1240-0022.flac,LibriSpeech/train-clean-100/103/1240/103-1240-0022.pt
LibriSpeech/train-clean-100/103/1240/103-1240-0023.flac,LibriSpeech/train-clean-100/103/1240/103-1240-0023.pt
LibriSpeech/train-clean-100/103/1240/103-1240-0024.flac,LibriSpeech/train-clean-100/103/1240/103-1240-0024.pt
LibriSpeech/train-clean-100/103/1240/103-1240-0025.flac,LibriSpeech/train-clean-100/103/1240/103-1240-0025.pt
LibriSpeech/train-clean-100/103/1240/103-1240-0026.flac,LibriSpeech/train-clean-100/103/1240/103-1240-0026.pt
LibriSpeech/train-clean-100/103/1240/103-1240-0027.flac,LibriSpeech/train-clean-100/103/1240/103-1240-0027.pt
LibriSpeech/train-clean-100/103/1240/103-1240-0028.flac,LibriSpeech/train-clean-100/103/1240/103-1240-0028.pt
LibriSpeech/train-clean-100/103/1240/103-1240-0029.flac,LibriSpeech/train-clean-100/103/1240/103-1240-0029.pt
LibriSpeech/train-clean-100/103/1240/103-1240-0030.flac,LibriSpeech/train-clean-100/103/1240/103-1240-0030.pt
LibriSpeech/train-clean-100/103/1240/103-1240-0031.flac,LibriSpeech/train-clean-100/103/1240/103-1240-0031.pt
LibriSpeech/train-clean-100/103/1240/103-1240-0032.flac,LibriSpeech/train-clean-100/103/1240/103-1240-0032.pt
LibriSpeech/train-clean-100/103/1240/103-1240-0033.flac,LibriSpeech/train-clean-100/103/1240/103-1240-0033.pt
LibriSpeech/train-clean-100/103/1240/103-1240-0034.flac,LibriSpeech/train-clean-100/103/1240/103-1240-0034.pt
LibriSpeech/train-clean-100/103/1240/103-1240-0035.flac,LibriSpeech/train-clean-100/103/1240/103-1240-0035.pt
LibriSpeech/train-clean-100/103/1240/103-1240-0036.flac,LibriSpeech/train-clean-100/103/1240/103-1240-0036.pt
LibriSpeech/train-clean-100/103/1240/103-1240-0037.flac,LibriSpeech/train-clean-100/103/1240/103-1240-0037.pt
LibriSpeech/train-clean-100/103/1240/103-1240-0038.flac,LibriSpeech/train-clean-100/103/1240/103-1240-0038.pt
LibriSpeech/train-clean-100/103/1240/103-1240-0039.flac,LibriSpeech/train-clean-100/103/1240/103-1240-0039.pt
LibriSpeech/train-clean-100/103/1240/103-1240-0040.flac,LibriSpeech/train-clean-100/103/1240/103-1240-0040.pt
LibriSpeech/train-clean-100/103/1240/103-1240-0041.flac,LibriSpeech/train-clean-100/103/1240/103-1240-0041.pt
LibriSpeech/train-clean-100/103/1240/103-1240-0042.flac,LibriSpeech/train-clean-100/103/1240/103-1240-0042.pt
LibriSpeech/train-clean-100/103/1240/103-1240-0043.flac,LibriSpeech/train-clean-100/103/1240/103-1240-0043.pt
LibriSpeech/train-clean-100/103/1240/103-1240-0044.flac,LibriSpeech/train-clean-100/103/1240/103-1240-0044.pt
LibriSpeech/train-clean-100/103/1240/103-1240-0045.flac,LibriSpeech/train-clean-100/103/1240/103-1240-0045.pt
LibriSpeech/train-clean-100/103/1240/103-1240-0046.flac,LibriSpeech/train-clean-100/103/1240/103-1240-0046.pt
LibriSpeech/train-clean-100/103/1240/103-1240-0047.flac,LibriSpeech/train-clean-100/103/1240/103-1240-0047.pt
LibriSpeech/train-clean-100/103/1240/103-1240-0048.flac,LibriSpeech/train-clean-100/103/1240/103-1240-0048.pt
LibriSpeech/train-clean-100/103/1240/103-1240-0049.flac,LibriSpeech/train-clean-100/103/1240/103-1240-0049.pt
LibriSpeech/train-clean-100/103/1240/103-1240-0050.flac,LibriSpeech/train-clean-100/103/1240/103-1240-0050.pt
LibriSpeech/train-clean-100/103/1240/103-1240-0051.flac,LibriSpeech/train-clean-100/103/1240/103-1240-0051.pt
LibriSpeech/train-clean-100/103/1240/103-1240-0052.flac,LibriSpeech/train-clean-100/103/1240/103-1240-0052.pt
LibriSpeech/train-clean-100/103/1240/103-1240-0053.flac,LibriSpeech/train-clean-100/103/1240/103-1240-0053.pt
LibriSpeech/train-clean-100/103/1240/103-1240-0054.flac,LibriSpeech/train-clean-100/103/1240/103-1240-0054.pt
LibriSpeech/train-clean-100/103/1240/103-1240-0055.flac,LibriSpeech/train-clean-100/103/1240/103-1240-0055.pt
LibriSpeech/train-clean-100/103/1240/103-1240-0056.flac,LibriSpeech/train-clean-100/103/1240/103-1240-0056.pt
LibriSpeech/train-clean-100/103/1240/103-1240-0057.flac,LibriSpeech/train-clean-100/103/1240/103-1240-0057.pt
LibriSpeech/train-clean-100/103/1241/103-1241-0000.flac,LibriSpeech/train-clean-100/103/1241/103-1241-0000.pt
LibriSpeech/train-clean-100/103/1241/103-1241-0001.flac,LibriSpeech/train-clean-100/103/1241/103-1241-0001.pt
LibriSpeech/train-clean-100/103/1241/103-1241-0002.flac,LibriSpeech/train-clean-100/103/1241/103-1241-0002.pt
LibriSpeech/train-clean-100/103/1241/103-1241-0003.flac,LibriSpeech/train-clean-100/103/1241/103-1241-0003.pt
LibriSpeech/train-clean-100/103/1241/103-1241-0004.flac,LibriSpeech/train-clean-100/103/1241/103-1241-0004.pt
LibriSpeech/train-clean-100/103/1241/103-1241-0005.flac,LibriSpeech/train-clean-100/103/1241/103-1241-0005.pt
LibriSpeech/train-clean-100/103/1241/103-1241-0006.flac,LibriSpeech/train-clean-100/103/1241/103-1241-0006.pt
LibriSpeech/train-clean-100/103/1241/103-1241-0007.flac,LibriSpeech/train-clean-100/103/1241/103-1241-0007.pt
LibriSpeech/train-clean-100/103/1241/103-1241-0008.flac,LibriSpeech/train-clean-100/103/1241/103-1241-0008.pt
LibriSpeech/train-clean-100/103/1241/103-1241-0009.flac,LibriSpeech/train-clean-100/103/1241/103-1241-0009.pt
LibriSpeech/train-clean-100/103/1241/103-1241-0010.flac,LibriSpeech/train-clean-100/103/1241/103-1241-0010.pt
LibriSpeech/train-clean-100/103/1241/103-1241-0011.flac,LibriSpeech/train-clean-100/103/1241/103-1241-0011.pt
LibriSpeech/train-clean-100/103/1241/103-1241-0012.flac,LibriSpeech/train-clean-100/103/1241/103-1241-0012.pt
LibriSpeech/train-clean-100/103/1241/103-1241-0013.flac,LibriSpeech/train-clean-100/103/1241/103-1241-0013.pt
LibriSpeech/train-clean-100/103/1241/103-1241-0014.flac,LibriSpeech/train-clean-100/103/1241/103-1241-0014.pt
LibriSpeech/train-clean-100/103/1241/103-1241-0015.flac,LibriSpeech/train-clean-100/103/1241/103-1241-0015.pt
LibriSpeech/train-clean-100/103/1241/103-1241-0016.flac,LibriSpeech/train-clean-100/103/1241/103-1241-0016.pt
LibriSpeech/train-clean-100/103/1241/103-1241-0017.flac,LibriSpeech/train-clean-100/103/1241/103-1241-0017.pt
LibriSpeech/train-clean-100/103/1241/103-1241-0018.flac,LibriSpeech/train-clean-100/103/1241/103-1241-0018.pt
LibriSpeech/train-clean-100/103/1241/103-1241-0019.flac,LibriSpeech/train-clean-100/103/1241/103-1241-0019.pt
LibriSpeech/train-clean-100/103/1241/103-1241-0020.flac,LibriSpeech/train-clean-100/103/1241/103-1241-0020.pt
LibriSpeech/train-clean-100/103/1241/103-1241-0021.flac,LibriSpeech/train-clean-100/103/1241/103-1241-0021.pt
LibriSpeech/train-clean-100/103/1241/103-1241-0022.flac,LibriSpeech/train-clean-100/103/1241/103-1241-0022.pt
LibriSpeech/train-clean-100/103/1241/103-1241-0023.flac,LibriSpeech/train-clean-100/103/1241/103-1241-0023.pt
LibriSpeech/train-clean-100/103/1241/103-1241-0024.flac,LibriSpeech/train-clean-100/103/1241/103-1241-0024.pt
LibriSpeech/train-clean-100/103/1241/103-1241-0025.flac,LibriSpeech/train-clean-100/103/1241/103-1241-0025.pt
LibriSpeech/train-clean-100/103/1241/103-1241-0026.flac,LibriSpeech/train-clean-100/103/1241/103-1241-0026.pt
LibriSpeech/train-clean-100/103/1241/103-1241-0027.flac,LibriSpeech/train-clean-100/103/1241/103-1241-0027.pt
LibriSpeech/train-clean-100/103/1241/103-1241-0028.flac,LibriSpeech/train-clean-100/103/1241/103-1241-0028.pt
LibriSpeech/train-clean-100/103/1241/103-1241-0029.flac,LibriSpeech/train-clean-100/103/1241/103-1241-0029.pt
LibriSpeech/train-clean-100/103/1241/103-1241-0030.flac,LibriSpeech/train-clean-100/103/1241/103-1241-0030.pt
LibriSpeech/train-clean-100/103/1241/103-1241-0031.flac,LibriSpeech/train-clean-100/103/1241/103-1241-0031.pt
LibriSpeech/train-clean-100/103/1241/103-1241-0032.flac,LibriSpeech/train-clean-100/103/1241/103-1241-0032.pt
LibriSpeech/train-clean-100/103/1241/103-1241-0033.flac,LibriSpeech/train-clean-100/103/1241/103-1241-0033.pt
LibriSpeech/train-clean-100/103/1241/103-1241-0034.flac,LibriSpeech/train-clean-100/103/1241/103-1241-0034.pt
LibriSpeech/train-clean-100/103/1241/103-1241-0035.flac,LibriSpeech/train-clean-100/103/1241/103-1241-0035.pt
LibriSpeech/train-clean-100/103/1241/103-1241-0036.flac,LibriSpeech/train-clean-100/103/1241/103-1241-0036.pt
LibriSpeech/train-clean-100/103/1241/103-1241-0037.flac,LibriSpeech/train-clean-100/103/1241/103-1241-0037.pt
LibriSpeech/train-clean-100/103/1241/103-1241-0038.flac,LibriSpeech/train-clean-100/103/1241/103-1241-0038.pt
LibriSpeech/train-clean-100/103/1241/103-1241-0039.flac,LibriSpeech/train-clean-100/103/1241/103-1241-0039.pt
LibriSpeech/train-clean-100/103/1241/103-1241-0040.flac,LibriSpeech/train-clean-100/103/1241/103-1241-0040.pt
LibriSpeech/train-clean-100/103/1241/103-1241-0041.flac,LibriSpeech/train-clean-100/103/1241/103-1241-0041.pt
LibriSpeech/train-clean-100/103/1241/103-1241-0042.flac,LibriSpeech/train-clean-100/103/1241/103-1241-0042.pt
LibriSpeech/train-clean-100/103/1241/103-1241-0043.flac,LibriSpeech/train-clean-100/103/1241/103-1241-0043.pt
LibriSpeech/train-clean-100/1034/121119/1034-121119-0000.flac,LibriSpeech/train-clean-100/1034/121119/1034-121119-0000.pt
LibriSpeech/train-clean-100/1034/121119/1034-121119-0001.flac,LibriSpeech/train-clean-100/1034/121119/1034-121119-0001.pt
LibriSpeech/train-clean-100/1034/121119/1034-121119-0002.flac,LibriSpeech/train-clean-100/1034/121119/1034-121119-0002.pt
LibriSpeech/train-clean-100/1034/121119/1034-121119-0003.flac,LibriSpeech/train-clean-100/1034/121119/1034-121119-0003.pt
LibriSpeech/train-clean-100/1034/121119/1034-121119-0004.flac,LibriSpeech/train-clean-100/1034/121119/1034-121119-0004.pt
LibriSpeech/train-clean-100/1034/121119/1034-121119-0005.flac,LibriSpeech/train-clean-100/1034/121119/1034-121119-0005.pt
LibriSpeech/train-clean-100/1034/121119/1034-121119-0006.flac,LibriSpeech/train-clean-100/1034/121119/1034-121119-0006.pt
LibriSpeech/train-clean-100/1034/121119/1034-121119-0007.flac,LibriSpeech/train-clean-100/1034/121119/1034-121119-0007.pt
LibriSpeech/train-clean-100/1034/121119/1034-121119-0008.flac,LibriSpeech/train-clean-100/1034/121119/1034-121119-0008.pt
LibriSpeech/train-clean-100/1034/121119/1034-121119-0009.flac,LibriSpeech/train-clean-100/1034/121119/1034-121119-0009.pt
LibriSpeech/train-clean-100/1034/121119/1034-121119-0010.flac,LibriSpeech/train-clean-100/1034/121119/1034-121119-0010.pt
LibriSpeech/train-clean-100/1034/121119/1034-121119-0011.flac,LibriSpeech/train-clean-100/1034/121119/1034-121119-0011.pt
LibriSpeech/train-clean-100/1034/121119/1034-121119-0012.flac,LibriSpeech/train-clean-100/1034/121119/1034-121119-0012.pt
LibriSpeech/train-clean-100/1034/121119/1034-121119-0013.flac,LibriSpeech/train-clean-100/1034/121119/1034-121119-0013.pt
LibriSpeech/train-clean-100/1034/121119/1034-121119-0014.flac,LibriSpeech/train-clean-100/1034/121119/1034-121119-0014.pt
LibriSpeech/train-clean-100/1034/121119/1034-121119-0015.flac,LibriSpeech/train-clean-100/1034/121119/1034-121119-0015.pt
LibriSpeech/train-clean-100/1034/121119/1034-121119-0016.flac,LibriSpeech/train-clean-100/1034/121119/1034-121119-0016.pt
LibriSpeech/train-clean-100/1034/121119/1034-121119-0017.flac,LibriSpeech/train-clean-100/1034/121119/1034-121119-0017.pt
LibriSpeech/train-clean-100/1034/121119/1034-121119-0018.flac,LibriSpeech/train-clean-100/1034/121119/1034-121119-0018.pt
LibriSpeech/train-clean-100/1034/121119/1034-121119-0019.flac,LibriSpeech/train-clean-100/1034/121119/1034-121119-0019.pt
LibriSpeech/train-clean-100/1034/121119/1034-121119-0020.flac,LibriSpeech/train-clean-100/1034/121119/1034-121119-0020.pt
LibriSpeech/train-clean-100/1034/121119/1034-121119-0021.flac,LibriSpeech/train-clean-100/1034/121119/1034-121119-0021.pt
LibriSpeech/train-clean-100/1034/121119/1034-121119-0022.flac,LibriSpeech/train-clean-100/1034/121119/1034-121119-0022.pt
LibriSpeech/train-clean-100/1034/121119/1034-121119-0023.flac,LibriSpeech/train-clean-100/1034/121119/1034-121119-0023.pt
LibriSpeech/train-clean-100/1034/121119/1034-121119-0024.flac,LibriSpeech/train-clean-100/1034/121119/1034-121119-0024.pt
LibriSpeech/train-clean-100/1034/121119/1034-121119-0025.flac,LibriSpeech/train-clean-100/1034/121119/1034-121119-0025.pt
LibriSpeech/train-clean-100/1034/121119/1034-121119-0026.flac,LibriSpeech/train-clean-100/1034/121119/1034-121119-0026.pt
LibriSpeech/train-clean-100/1034/121119/1034-121119-0027.flac,LibriSpeech/train-clean-100/1034/121119/1034-121119-0027.pt
LibriSpeech/train-clean-100/1034/121119/1034-121119-0028.flac,LibriSpeech/train-clean-100/1034/121119/1034-121119-0028.pt
LibriSpeech/train-clean-100/1034/121119/1034-121119-0029.flac,LibriSpeech/train-clean-100/1034/121119/1034-121119-0029.pt
LibriSpeech/train-clean-100/1034/121119/1034-121119-0030.flac,LibriSpeech/train-clean-100/1034/121119/1034-121119-0030.pt
LibriSpeech/train-clean-100/1034/121119/1034-121119-0031.flac,LibriSpeech/train-clean-100/1034/121119/1034-121119-0031.pt
LibriSpeech/train-clean-100/1034/121119/1034-121119-0032.flac,LibriSpeech/train-clean-100/1034/121119/1034-121119-0032.pt
LibriSpeech/train-clean-100/1034/121119/1034-121119-0033.flac,LibriSpeech/train-clean-100/1034/121119/1034-121119-0033.pt
LibriSpeech/train-clean-100/1034/121119/1034-121119-0034.flac,LibriSpeech/train-clean-100/1034/121119/1034-121119-0034.pt
LibriSpeech/train-clean-100/1034/121119/1034-121119-0035.flac,LibriSpeech/train-clean-100/1034/121119/1034-121119-0035.pt
LibriSpeech/train-clean-100/1034/121119/1034-121119-0036.flac,LibriSpeech/train-clean-100/1034/121119/1034-121119-0036.pt
LibriSpeech/train-clean-100/1034/121119/1034-121119-0037.flac,LibriSpeech/train-clean-100/1034/121119/1034-121119-0037.pt
LibriSpeech/train-clean-100/1034/121119/1034-121119-0038.flac,LibriSpeech/train-clean-100/1034/121119/1034-121119-0038.pt
LibriSpeech/train-clean-100/1034/121119/1034-121119-0039.flac,LibriSpeech/train-clean-100/1034/121119/1034-121119-0039.pt
LibriSpeech/train-clean-100/1034/121119/1034-121119-0040.flac,LibriSpeech/train-clean-100/1034/121119/1034-121119-0040.pt
LibriSpeech/train-clean-100/1034/121119/1034-121119-0041.flac,LibriSpeech/train-clean-100/1034/121119/1034-121119-0041.pt
LibriSpeech/train-clean-100/1034/121119/1034-121119-0042.flac,LibriSpeech/train-clean-100/1034/121119/1034-121119-0042.pt
LibriSpeech/train-clean-100/1034/121119/1034-121119-0043.flac,LibriSpeech/train-clean-100/1034/121119/1034-121119-0043.pt
LibriSpeech/train-clean-100/1034/121119/1034-121119-0044.flac,LibriSpeech/train-clean-100/1034/121119/1034-121119-0044.pt
LibriSpeech/train-clean-100/1034/121119/1034-121119-0045.flac,LibriSpeech/train-clean-100/1034/121119/1034-121119-0045.pt
LibriSpeech/train-clean-100/1034/121119/1034-121119-0046.flac,LibriSpeech/train-clean-100/1034/121119/1034-121119-0046.pt
LibriSpeech/train-clean-100/1034/121119/1034-121119-0047.flac,LibriSpeech/train-clean-100/1034/121119/1034-121119-0047.pt
LibriSpeech/train-clean-100/1034/121119/1034-121119-0048.flac,LibriSpeech/train-clean-100/1034/121119/1034-121119-0048.pt
LibriSpeech/train-clean-100/1034/121119/1034-121119-0049.flac,LibriSpeech/train-clean-100/1034/121119/1034-121119-0049.pt
LibriSpeech/train-clean-100/1034/121119/1034-121119-0050.flac,LibriSpeech/train-clean-100/1034/121119/1034-121119-0050.pt
LibriSpeech/train-clean-100/1034/121119/1034-121119-0051.flac,LibriSpeech/train-clean-100/1034/121119/1034-121119-0051.pt
LibriSpeech/train-clean-100/1034/121119/1034-121119-0052.flac,LibriSpeech/train-clean-100/1034/121119/1034-121119-0052.pt
LibriSpeech/train-clean-100/1034/121119/1034-121119-0053.flac,LibriSpeech/train-clean-100/1034/121119/1034-121119-0053.pt
LibriSpeech/train-clean-100/1034/121119/1034-121119-0054.flac,LibriSpeech/train-clean-100/1034/121119/1034-121119-0054.pt
LibriSpeech/train-clean-100/1034/121119/1034-121119-0055.flac,LibriSpeech/train-clean-100/1034/121119/1034-121119-0055.pt
LibriSpeech/train-clean-100/1034/121119/1034-121119-0056.flac,LibriSpeech/train-clean-100/1034/121119/1034-121119-0056.pt
LibriSpeech/train-clean-100/1034/121119/1034-121119-0057.flac,LibriSpeech/train-clean-100/1034/121119/1034-121119-0057.pt
LibriSpeech/train-clean-100/1034/121119/1034-121119-0058.flac,LibriSpeech/train-clean-100/1034/121119/1034-121119-0058.pt
LibriSpeech/train-clean-100/1034/121119/1034-121119-0059.flac,LibriSpeech/train-clean-100/1034/121119/1034-121119-0059.pt
LibriSpeech/train-clean-100/1034/121119/1034-121119-0060.flac,LibriSpeech/train-clean-100/1034/121119/1034-121119-0060.pt
LibriSpeech/train-clean-100/1034/121119/1034-121119-0061.flac,LibriSpeech/train-clean-100/1034/121119/1034-121119-0061.pt
LibriSpeech/train-clean-100/1034/121119/1034-121119-0062.flac,LibriSpeech/train-clean-100/1034/121119/1034-121119-0062.pt
LibriSpeech/train-clean-100/1034/121119/1034-121119-0063.flac,LibriSpeech/train-clean-100/1034/121119/1034-121119-0063.pt
LibriSpeech/train-clean-100/1034/121119/1034-121119-0064.flac,LibriSpeech/train-clean-100/1034/121119/1034-121119-0064.pt
LibriSpeech/train-clean-100/1034/121119/1034-121119-0065.flac,LibriSpeech/train-clean-100/1034/121119/1034-121119-0065.pt
LibriSpeech/train-clean-100/1034/121119/1034-121119-0066.flac,LibriSpeech/train-clean-100/1034/121119/1034-121119-0066.pt
LibriSpeech/train-clean-100/1034/121119/1034-121119-0067.flac,LibriSpeech/train-clean-100/1034/121119/1034-121119-0067.pt
LibriSpeech/train-clean-100/1034/121119/1034-121119-0068.flac,LibriSpeech/train-clean-100/1034/121119/1034-121119-0068.pt
LibriSpeech/train-clean-100/1034/121119/1034-121119-0069.flac,LibriSpeech/train-clean-100/1034/121119/1034-121119-0069.pt
LibriSpeech/train-clean-100/1034/121119/1034-121119-0070.flac,LibriSpeech/train-clean-100/1034/121119/1034-121119-0070.pt
LibriSpeech/train-clean-100/1034/121119/1034-121119-0071.flac,LibriSpeech/train-clean-100/1034/121119/1034-121119-0071.pt
LibriSpeech/train-clean-100/1034/121119/1034-121119-0072.flac,LibriSpeech/train-clean-100/1034/121119/1034-121119-0072.pt
LibriSpeech/train-clean-100/1034/121119/1034-121119-0073.flac,LibriSpeech/train-clean-100/1034/121119/1034-121119-0073.pt
LibriSpeech/train-clean-100/1034/121119/1034-121119-0074.flac,LibriSpeech/train-clean-100/1034/121119/1034-121119-0074.pt
LibriSpeech/train-clean-100/1034/121119/1034-121119-0075.flac,LibriSpeech/train-clean-100/1034/121119/1034-121119-0075.pt
LibriSpeech/train-clean-100/1034/121119/1034-121119-0076.flac,LibriSpeech/train-clean-100/1034/121119/1034-121119-0076.pt
LibriSpeech/train-clean-100/1034/121119/1034-121119-0077.flac,LibriSpeech/train-clean-100/1034/121119/1034-121119-0077.pt
LibriSpeech/train-clean-100/1034/121119/1034-121119-0078.flac,LibriSpeech/train-clean-100/1034/121119/1034-121119-0078.pt
LibriSpeech/train-clean-100/1034/121119/1034-121119-0079.flac,LibriSpeech/train-clean-100/1034/121119/1034-121119-0079.pt
LibriSpeech/train-clean-100/1034/121119/1034-121119-0080.flac,LibriSpeech/train-clean-100/1034/121119/1034-121119-0080.pt
LibriSpeech/train-clean-100/1034/121119/1034-121119-0081.flac,LibriSpeech/train-clean-100/1034/121119/1034-121119-0081.pt
LibriSpeech/train-clean-100/1034/121119/1034-121119-0082.flac,LibriSpeech/train-clean-100/1034/121119/1034-121119-0082.pt
LibriSpeech/train-clean-100/1034/121119/1034-121119-0083.flac,LibriSpeech/train-clean-100/1034/121119/1034-121119-0083.pt
LibriSpeech/train-clean-100/1034/121119/1034-121119-0084.flac,LibriSpeech/train-clean-100/1034/121119/1034-121119-0084.pt
LibriSpeech/train-clean-100/1034/121119/1034-121119-0085.flac,LibriSpeech/train-clean-100/1034/121119/1034-121119-0085.pt
LibriSpeech/train-clean-100/1034/121119/1034-121119-0086.flac,LibriSpeech/train-clean-100/1034/121119/1034-121119-0086.pt
LibriSpeech/train-clean-100/1034/121119/1034-121119-0087.flac,LibriSpeech/train-clean-100/1034/121119/1034-121119-0087.pt
LibriSpeech/train-clean-100/1034/121119/1034-121119-0088.flac,LibriSpeech/train-clean-100/1034/121119/1034-121119-0088.pt
LibriSpeech/train-clean-100/1034/121119/1034-121119-0089.flac,LibriSpeech/train-clean-100/1034/121119/1034-121119-0089.pt
LibriSpeech/train-clean-100/1034/121119/1034-121119-0090.flac,LibriSpeech/train-clean-100/1034/121119/1034-121119-0090.pt
LibriSpeech/train-clean-100/1034/121119/1034-121119-0091.flac,LibriSpeech/train-clean-100/1034/121119/1034-121119-0091.pt
LibriSpeech/train-clean-100/1034/121119/1034-121119-0092.flac,LibriSpeech/train-clean-100/1034/121119/1034-121119-0092.pt
LibriSpeech/train-clean-100/1034/121119/1034-121119-0093.flac,LibriSpeech/train-clean-100/1034/121119/1034-121119-0093.pt
LibriSpeech/train-clean-100/1034/121119/1034-121119-0094.flac,LibriSpeech/train-clean-100/1034/121119/1034-121119-0094.pt
LibriSpeech/train-clean-100/1034/121119/1034-121119-0095.flac,LibriSpeech/train-clean-100/1034/121119/1034-121119-0095.pt
LibriSpeech/train-clean-100/1040/133433/1040-133433-0000.flac,LibriSpeech/train-clean-100/1040/133433/1040-133433-0000.pt
LibriSpeech/train-clean-100/1040/133433/1040-133433-0001.flac,LibriSpeech/train-clean-100/1040/133433/1040-133433-0001.pt
LibriSpeech/train-clean-100/1040/133433/1040-133433-0002.flac,LibriSpeech/train-clean-100/1040/133433/1040-133433-0002.pt
LibriSpeech/train-clean-100/1040/133433/1040-133433-0003.flac,LibriSpeech/train-clean-100/1040/133433/1040-133433-0003.pt
LibriSpeech/train-clean-100/1040/133433/1040-133433-0004.flac,LibriSpeech/train-clean-100/1040/133433/1040-133433-0004.pt
LibriSpeech/train-clean-100/1040/133433/1040-133433-0005.flac,LibriSpeech/train-clean-100/1040/133433/1040-133433-0005.pt
LibriSpeech/train-clean-100/1040/133433/1040-133433-0006.flac,LibriSpeech/train-clean-100/1040/133433/1040-133433-0006.pt
LibriSpeech/train-clean-100/1040/133433/1040-133433-0007.flac,LibriSpeech/train-clean-100/1040/133433/1040-133433-0007.pt
LibriSpeech/train-clean-100/1040/133433/1040-133433-0008.flac,LibriSpeech/train-clean-100/1040/133433/1040-133433-0008.pt
LibriSpeech/train-clean-100/1040/133433/1040-133433-0009.flac,LibriSpeech/train-clean-100/1040/133433/1040-133433-0009.pt
LibriSpeech/train-clean-100/1040/133433/1040-133433-0010.flac,LibriSpeech/train-clean-100/1040/133433/1040-133433-0010.pt
LibriSpeech/train-clean-100/1040/133433/1040-133433-0011.flac,LibriSpeech/train-clean-100/1040/133433/1040-133433-0011.pt
LibriSpeech/train-clean-100/1040/133433/1040-133433-0012.flac,LibriSpeech/train-clean-100/1040/133433/1040-133433-0012.pt
LibriSpeech/train-clean-100/1040/133433/1040-133433-0013.flac,LibriSpeech/train-clean-100/1040/133433/1040-133433-0013.pt
LibriSpeech/train-clean-100/1040/133433/1040-133433-0014.flac,LibriSpeech/train-clean-100/1040/133433/1040-133433-0014.pt
LibriSpeech/train-clean-100/1040/133433/1040-133433-0015.flac,LibriSpeech/train-clean-100/1040/133433/1040-133433-0015.pt
LibriSpeech/train-clean-100/1040/133433/1040-133433-0016.flac,LibriSpeech/train-clean-100/1040/133433/1040-133433-0016.pt
LibriSpeech/train-clean-100/1040/133433/1040-133433-0017.flac,LibriSpeech/train-clean-100/1040/133433/1040-133433-0017.pt
LibriSpeech/train-clean-100/1040/133433/1040-133433-0018.flac,LibriSpeech/train-clean-100/1040/133433/1040-133433-0018.pt
LibriSpeech/train-clean-100/1040/133433/1040-133433-0019.flac,LibriSpeech/train-clean-100/1040/133433/1040-133433-0019.pt
LibriSpeech/train-clean-100/1040/133433/1040-133433-0020.flac,LibriSpeech/train-clean-100/1040/133433/1040-133433-0020.pt
LibriSpeech/train-clean-100/1040/133433/1040-133433-0021.flac,LibriSpeech/train-clean-100/1040/133433/1040-133433-0021.pt
LibriSpeech/train-clean-100/1040/133433/1040-133433-0022.flac,LibriSpeech/train-clean-100/1040/133433/1040-133433-0022.pt
LibriSpeech/train-clean-100/1040/133433/1040-133433-0023.flac,LibriSpeech/train-clean-100/1040/133433/1040-133433-0023.pt
LibriSpeech/train-clean-100/1040/133433/1040-133433-0024.flac,LibriSpeech/train-clean-100/1040/133433/1040-133433-0024.pt
LibriSpeech/train-clean-100/1040/133433/1040-133433-0025.flac,LibriSpeech/train-clean-100/1040/133433/1040-133433-0025.pt
LibriSpeech/train-clean-100/1040/133433/1040-133433-0026.flac,LibriSpeech/train-clean-100/1040/133433/1040-133433-0026.pt
LibriSpeech/train-clean-100/1040/133433/1040-133433-0027.flac,LibriSpeech/train-clean-100/1040/133433/1040-133433-0027.pt
LibriSpeech/train-clean-100/1040/133433/1040-133433-0028.flac,LibriSpeech/train-clean-100/1040/133433/1040-133433-0028.pt
LibriSpeech/train-clean-100/1040/133433/1040-133433-0029.flac,LibriSpeech/train-clean-100/1040/133433/1040-133433-0029.pt
LibriSpeech/train-clean-100/1040/133433/1040-133433-0030.flac,LibriSpeech/train-clean-100/1040/133433/1040-133433-0030.pt
LibriSpeech/train-clean-100/1040/133433/1040-133433-0031.flac,LibriSpeech/train-clean-100/1040/133433/1040-133433-0031.pt
LibriSpeech/train-clean-100/1040/133433/1040-133433-0032.flac,LibriSpeech/train-clean-100/1040/133433/1040-133433-0032.pt
LibriSpeech/train-clean-100/1040/133433/1040-133433-0033.flac,LibriSpeech/train-clean-100/1040/133433/1040-133433-0033.pt
LibriSpeech/train-clean-100/1040/133433/1040-133433-0034.flac,LibriSpeech/train-clean-100/1040/133433/1040-133433-0034.pt
LibriSpeech/train-clean-100/1040/133433/1040-133433-0035.flac,LibriSpeech/train-clean-100/1040/133433/1040-133433-0035.pt
LibriSpeech/train-clean-100/1040/133433/1040-133433-0036.flac,LibriSpeech/train-clean-100/1040/133433/1040-133433-0036.pt
LibriSpeech/train-clean-100/1040/133433/1040-133433-0037.flac,LibriSpeech/train-clean-100/1040/133433/1040-133433-0037.pt
LibriSpeech/train-clean-100/1040/133433/1040-133433-0038.flac,LibriSpeech/train-clean-100/1040/133433/1040-133433-0038.pt
LibriSpeech/train-clean-100/1040/133433/1040-133433-0039.flac,LibriSpeech/train-clean-100/1040/133433/1040-133433-0039.pt
LibriSpeech/train-clean-100/1040/133433/1040-133433-0040.flac,LibriSpeech/train-clean-100/1040/133433/1040-133433-0040.pt
LibriSpeech/train-clean-100/1040/133433/1040-133433-0041.flac,LibriSpeech/train-clean-100/1040/133433/1040-133433-0041.pt
LibriSpeech/train-clean-100/1040/133433/1040-133433-0042.flac,LibriSpeech/train-clean-100/1040/133433/1040-133433-0042.pt
LibriSpeech/train-clean-100/1040/133433/1040-133433-0043.flac,LibriSpeech/train-clean-100/1040/133433/1040-133433-0043.pt
LibriSpeech/train-clean-100/1040/133433/1040-133433-0044.flac,LibriSpeech/train-clean-100/1040/133433/1040-133433-0044.pt
LibriSpeech/train-clean-100/1040/133433/1040-133433-0045.flac,LibriSpeech/train-clean-100/1040/133433/1040-133433-0045.pt
LibriSpeech/train-clean-100/1040/133433/1040-133433-0046.flac,LibriSpeech/train-clean-100/1040/133433/1040-133433-0046.pt
LibriSpeech/train-clean-100/1040/133433/1040-133433-0047.flac,LibriSpeech/train-clean-100/1040/133433/1040-133433-0047.pt
LibriSpeech/train-clean-100/1040/133433/1040-133433-0048.flac,LibriSpeech/train-clean-100/1040/133433/1040-133433-0048.pt
LibriSpeech/train-clean-100/1040/133433/1040-133433-0049.flac,LibriSpeech/train-clean-100/1040/133433/1040-133433-0049.pt
LibriSpeech/train-clean-100/1040/133433/1040-133433-0050.flac,LibriSpeech/train-clean-100/1040/133433/1040-133433-0050.pt
LibriSpeech/train-clean-100/1040/133433/1040-133433-0051.flac,LibriSpeech/train-clean-100/1040/133433/1040-133433-0051.pt
LibriSpeech/train-clean-100/1040/133433/1040-133433-0052.flac,LibriSpeech/train-clean-100/1040/133433/1040-133433-0052.pt
LibriSpeech/train-clean-100/1040/133433/1040-133433-0053.flac,LibriSpeech/train-clean-100/1040/133433/1040-133433-0053.pt
LibriSpeech/train-clean-100/1040/133433/1040-133433-0054.flac,LibriSpeech/train-clean-100/1040/133433/1040-133433-0054.pt
LibriSpeech/train-clean-100/1040/133433/1040-133433-0055.flac,LibriSpeech/train-clean-100/1040/133433/1040-133433-0055.pt
LibriSpeech/train-clean-100/1040/133433/1040-133433-0056.flac,LibriSpeech/train-clean-100/1040/133433/1040-133433-0056.pt
LibriSpeech/train-clean-100/1040/133433/1040-133433-0057.flac,LibriSpeech/train-clean-100/1040/133433/1040-133433-0057.pt
LibriSpeech/train-clean-100/1040/133433/1040-133433-0058.flac,LibriSpeech/train-clean-100/1040/133433/1040-133433-0058.pt
LibriSpeech/train-clean-100/1040/133433/1040-133433-0059.flac,LibriSpeech/train-clean-100/1040/133433/1040-133433-0059.pt
LibriSpeech/train-clean-100/1040/133433/1040-133433-0060.flac,LibriSpeech/train-clean-100/1040/133433/1040-133433-0060.pt
LibriSpeech/train-clean-100/1040/133433/1040-133433-0061.flac,LibriSpeech/train-clean-100/1040/133433/1040-133433-0061.pt
LibriSpeech/train-clean-100/1040/133433/1040-133433-0062.flac,LibriSpeech/train-clean-100/1040/133433/1040-133433-0062.pt
LibriSpeech/train-clean-100/1040/133433/1040-133433-0063.flac,LibriSpeech/train-clean-100/1040/133433/1040-133433-0063.pt
LibriSpeech/train-clean-100/1040/133433/1040-133433-0064.flac,LibriSpeech/train-clean-100/1040/133433/1040-133433-0064.pt
LibriSpeech/train-clean-100/1040/133433/1040-133433-0065.flac,LibriSpeech/train-clean-100/1040/133433/1040-133433-0065.pt
LibriSpeech/train-clean-100/1040/133433/1040-133433-0066.flac,LibriSpeech/train-clean-100/1040/133433/1040-133433-0066.pt
LibriSpeech/train-clean-100/1040/133433/1040-133433-0067.flac,LibriSpeech/train-clean-100/1040/133433/1040-133433-0067.pt
LibriSpeech/train-clean-100/1040/133433/1040-133433-0068.flac,LibriSpeech/train-clean-100/1040/133433/1040-133433-0068.pt
LibriSpeech/train-clean-100/1040/133433/1040-133433-0069.flac,LibriSpeech/train-clean-100/1040/133433/1040-133433-0069.pt
LibriSpeech/train-clean-100/1040/133433/1040-133433-0070.flac,LibriSpeech/train-clean-100/1040/133433/1040-133433-0070.pt
LibriSpeech/train-clean-100/1040/133433/1040-133433-0071.flac,LibriSpeech/train-clean-100/1040/133433/1040-133433-0071.pt
LibriSpeech/train-clean-100/1040/133433/1040-133433-0072.flac,LibriSpeech/train-clean-100/1040/133433/1040-133433-0072.pt
LibriSpeech/train-clean-100/1040/133433/1040-133433-0073.flac,LibriSpeech/train-clean-100/1040/133433/1040-133433-0073.pt
LibriSpeech/train-clean-100/1040/133433/1040-133433-0074.flac,LibriSpeech/train-clean-100/1040/133433/1040-133433-0074.pt
LibriSpeech/train-clean-100/1040/133433/1040-133433-0075.flac,LibriSpeech/train-clean-100/1040/133433/1040-133433-0075.pt
LibriSpeech/train-clean-100/1040/133433/1040-133433-0076.flac,LibriSpeech/train-clean-100/1040/133433/1040-133433-0076.pt
LibriSpeech/train-clean-100/1040/133433/1040-133433-0077.flac,LibriSpeech/train-clean-100/1040/133433/1040-133433-0077.pt
LibriSpeech/train-clean-100/1040/133433/1040-133433-0078.flac,LibriSpeech/train-clean-100/1040/133433/1040-133433-0078.pt
LibriSpeech/train-clean-100/1040/133433/1040-133433-0079.flac,LibriSpeech/train-clean-100/1040/133433/1040-133433-0079.pt
LibriSpeech/train-clean-100/1040/133433/1040-133433-0080.flac,LibriSpeech/train-clean-100/1040/133433/1040-133433-0080.pt
LibriSpeech/train-clean-100/1069/133699/1069-133699-0000.flac,LibriSpeech/train-clean-100/1069/133699/1069-133699-0000.pt
LibriSpeech/train-clean-100/1069/133699/1069-133699-0001.flac,LibriSpeech/train-clean-100/1069/133699/1069-133699-0001.pt
LibriSpeech/train-clean-100/1069/133699/1069-133699-0002.flac,LibriSpeech/train-clean-100/1069/133699/1069-133699-0002.pt
LibriSpeech/train-clean-100/1069/133699/1069-133699-0003.flac,LibriSpeech/train-clean-100/1069/133699/1069-133699-0003.pt
LibriSpeech/train-clean-100/1069/133699/1069-133699-0004.flac,LibriSpeech/train-clean-100/1069/133699/1069-133699-0004.pt
LibriSpeech/train-clean-100/1069/133699/1069-133699-0005.flac,LibriSpeech/train-clean-100/1069/133699/1069-133699-0005.pt
LibriSpeech/train-clean-100/1069/133699/1069-133699-0006.flac,LibriSpeech/train-clean-100/1069/133699/1069-133699-0006.pt
LibriSpeech/train-clean-100/1069/133699/1069-133699-0007.flac,LibriSpeech/train-clean-100/1069/133699/1069-133699-0007.pt
LibriSpeech/train-clean-100/1069/133699/1069-133699-0008.flac,LibriSpeech/train-clean-100/1069/133699/1069-133699-0008.pt
LibriSpeech/train-clean-100/1069/133699/1069-133699-0009.flac,LibriSpeech/train-clean-100/1069/133699/1069-133699-0009.pt
LibriSpeech/train-clean-100/1069/133699/1069-133699-0010.flac,LibriSpeech/train-clean-100/1069/133699/1069-133699-0010.pt
LibriSpeech/train-clean-100/1069/133699/1069-133699-0011.flac,LibriSpeech/train-clean-100/1069/133699/1069-133699-0011.pt
LibriSpeech/train-clean-100/1069/133699/1069-133699-0012.flac,LibriSpeech/train-clean-100/1069/133699/1069-133699-0012.pt
LibriSpeech/train-clean-100/1069/133699/1069-133699-0013.flac,LibriSpeech/train-clean-100/1069/133699/1069-133699-0013.pt
LibriSpeech/train-clean-100/1069/133699/1069-133699-0014.flac,LibriSpeech/train-clean-100/1069/133699/1069-133699-0014.pt
LibriSpeech/train-clean-100/1069/133699/1069-133699-0015.flac,LibriSpeech/train-clean-100/1069/133699/1069-133699-0015.pt
LibriSpeech/train-clean-100/1069/133699/1069-133699-0016.flac,LibriSpeech/train-clean-100/1069/133699/1069-133699-0016.pt
LibriSpeech/train-clean-100/1069/133699/1069-133699-0017.flac,LibriSpeech/train-clean-100/1069/133699/1069-133699-0017.pt
LibriSpeech/train-clean-100/1069/133699/1069-133699-0018.flac,LibriSpeech/train-clean-100/1069/133699/1069-133699-0018.pt
LibriSpeech/train-clean-100/1069/133699/1069-133699-0019.flac,LibriSpeech/train-clean-100/1069/133699/1069-133699-0019.pt
LibriSpeech/train-clean-100/1069/133699/1069-133699-0020.flac,LibriSpeech/train-clean-100/1069/133699/1069-133699-0020.pt
LibriSpeech/train-clean-100/1069/133699/1069-133699-0021.flac,LibriSpeech/train-clean-100/1069/133699/1069-133699-0021.pt
LibriSpeech/train-clean-100/1069/133699/1069-133699-0022.flac,LibriSpeech/train-clean-100/1069/133699/1069-133699-0022.pt
LibriSpeech/train-clean-100/1069/133699/1069-133699-0023.flac,LibriSpeech/train-clean-100/1069/133699/1069-133699-0023.pt
LibriSpeech/train-clean-100/1069/133699/1069-133699-0024.flac,LibriSpeech/train-clean-100/1069/133699/1069-133699-0024.pt
LibriSpeech/train-clean-100/1069/133699/1069-133699-0025.flac,LibriSpeech/train-clean-100/1069/133699/1069-133699-0025.pt
LibriSpeech/train-clean-100/1069/133699/1069-133699-0026.flac,LibriSpeech/train-clean-100/1069/133699/1069-133699-0026.pt
LibriSpeech/train-clean-100/1069/133699/1069-133699-0027.flac,LibriSpeech/train-clean-100/1069/133699/1069-133699-0027.pt
LibriSpeech/train-clean-100/1069/133699/1069-133699-0028.flac,LibriSpeech/train-clean-100/1069/133699/1069-133699-0028.pt
LibriSpeech/train-clean-100/1069/133699/1069-133699-0029.flac,LibriSpeech/train-clean-100/1069/133699/1069-133699-0029.pt
LibriSpeech/train-clean-100/1069/133699/1069-133699-0030.flac,LibriSpeech/train-clean-100/1069/133699/1069-133699-0030.pt
LibriSpeech/train-clean-100/1069/133699/1069-133699-0031.flac,LibriSpeech/train-clean-100/1069/133699/1069-133699-0031.pt
LibriSpeech/train-clean-100/1069/133699/1069-133699-0032.flac,LibriSpeech/train-clean-100/1069/133699/1069-133699-0032.pt
LibriSpeech/train-clean-100/1069/133699/1069-133699-0033.flac,LibriSpeech/train-clean-100/1069/133699/1069-133699-0033.pt
LibriSpeech/train-clean-100/1069/133699/1069-133699-0034.flac,LibriSpeech/train-clean-100/1069/133699/1069-133699-0034.pt
LibriSpeech/train-clean-100/1069/133699/1069-133699-0035.flac,LibriSpeech/train-clean-100/1069/133699/1069-133699-0035.pt
LibriSpeech/train-clean-100/1069/133699/1069-133699-0036.flac,LibriSpeech/train-clean-100/1069/133699/1069-133699-0036.pt
LibriSpeech/train-clean-100/1069/133699/1069-133699-0037.flac,LibriSpeech/train-clean-100/1069/133699/1069-133699-0037.pt
LibriSpeech/train-clean-100/1069/133699/1069-133699-0038.flac,LibriSpeech/train-clean-100/1069/133699/1069-133699-0038.pt
LibriSpeech/train-clean-100/1069/133699/1069-133699-0039.flac,LibriSpeech/train-clean-100/1069/133699/1069-133699-0039.pt
LibriSpeech/train-clean-100/1069/133699/1069-133699-0040.flac,LibriSpeech/train-clean-100/1069/133699/1069-133699-0040.pt
LibriSpeech/train-clean-100/1069/133699/1069-133699-0041.flac,LibriSpeech/train-clean-100/1069/133699/1069-133699-0041.pt
LibriSpeech/train-clean-100/1069/133699/1069-133699-0042.flac,LibriSpeech/train-clean-100/1069/133699/1069-133699-0042.pt
LibriSpeech/train-clean-100/1069/133699/1069-133699-0043.flac,LibriSpeech/train-clean-100/1069/133699/1069-133699-0043.pt
LibriSpeech/train-clean-100/1069/133699/1069-133699-0044.flac,LibriSpeech/train-clean-100/1069/133699/1069-133699-0044.pt
LibriSpeech/train-clean-100/1069/133699/1069-133699-0045.flac,LibriSpeech/train-clean-100/1069/133699/1069-133699-0045.pt
LibriSpeech/train-clean-100/1069/133699/1069-133699-0046.flac,LibriSpeech/train-clean-100/1069/133699/1069-133699-0046.pt
LibriSpeech/train-clean-100/1069/133699/1069-133699-0047.flac,LibriSpeech/train-clean-100/1069/133699/1069-133699-0047.pt
LibriSpeech/train-clean-100/1069/133699/1069-133699-0048.flac,LibriSpeech/train-clean-100/1069/133699/1069-133699-0048.pt
LibriSpeech/train-clean-100/1069/133699/1069-133699-0049.flac,LibriSpeech/train-clean-100/1069/133699/1069-133699-0049.pt
LibriSpeech/train-clean-100/1069/133699/1069-133699-0050.flac,LibriSpeech/train-clean-100/1069/133699/1069-133699-0050.pt
LibriSpeech/train-clean-100/1069/133699/1069-133699-0051.flac,LibriSpeech/train-clean-100/1069/133699/1069-133699-0051.pt
LibriSpeech/train-clean-100/1069/133699/1069-133699-0052.flac,LibriSpeech/train-clean-100/1069/133699/1069-133699-0052.pt
LibriSpeech/train-clean-100/1069/133699/1069-133699-0053.flac,LibriSpeech/train-clean-100/1069/133699/1069-133699-0053.pt
LibriSpeech/train-clean-100/1069/133699/1069-133699-0054.flac,LibriSpeech/train-clean-100/1069/133699/1069-133699-0054.pt
LibriSpeech/train-clean-100/1069/133709/1069-133709-0000.flac,LibriSpeech/train-clean-100/1069/133709/1069-133709-0000.pt
LibriSpeech/train-clean-100/1069/133709/1069-133709-0001.flac,LibriSpeech/train-clean-100/1069/133709/1069-133709-0001.pt
LibriSpeech/train-clean-100/1069/133709/1069-133709-0002.flac,LibriSpeech/train-clean-100/1069/133709/1069-133709-0002.pt
LibriSpeech/train-clean-100/1069/133709/1069-133709-0003.flac,LibriSpeech/train-clean-100/1069/133709/1069-133709-0003.pt
LibriSpeech/train-clean-100/1069/133709/1069-133709-0004.flac,LibriSpeech/train-clean-100/1069/133709/1069-133709-0004.pt
LibriSpeech/train-clean-100/1069/133709/1069-133709-0005.flac,LibriSpeech/train-clean-100/1069/133709/1069-133709-0005.pt
LibriSpeech/train-clean-100/1069/133709/1069-133709-0006.flac,LibriSpeech/train-clean-100/1069/133709/1069-133709-0006.pt
LibriSpeech/train-clean-100/1069/133709/1069-133709-0007.flac,LibriSpeech/train-clean-100/1069/133709/1069-133709-0007.pt
LibriSpeech/train-clean-100/1069/133709/1069-133709-0008.flac,LibriSpeech/train-clean-100/1069/133709/1069-133709-0008.pt
LibriSpeech/train-clean-100/1069/133709/1069-133709-0009.flac,LibriSpeech/train-clean-100/1069/133709/1069-133709-0009.pt
LibriSpeech/train-clean-100/1069/133709/1069-133709-0010.flac,LibriSpeech/train-clean-100/1069/133709/1069-133709-0010.pt
LibriSpeech/train-clean-100/1069/133709/1069-133709-0011.flac,LibriSpeech/train-clean-100/1069/133709/1069-133709-0011.pt
LibriSpeech/train-clean-100/1069/133709/1069-133709-0012.flac,LibriSpeech/train-clean-100/1069/133709/1069-133709-0012.pt
LibriSpeech/train-clean-100/1069/133709/1069-133709-0013.flac,LibriSpeech/train-clean-100/1069/133709/1069-133709-0013.pt
LibriSpeech/train-clean-100/1069/133709/1069-133709-0014.flac,LibriSpeech/train-clean-100/1069/133709/1069-133709-0014.pt
LibriSpeech/train-clean-100/1069/133709/1069-133709-0015.flac,LibriSpeech/train-clean-100/1069/133709/1069-133709-0015.pt
LibriSpeech/train-clean-100/1069/133709/1069-133709-0016.flac,LibriSpeech/train-clean-100/1069/133709/1069-133709-0016.pt
LibriSpeech/train-clean-100/1069/133709/1069-133709-0017.flac,LibriSpeech/train-clean-100/1069/133709/1069-133709-0017.pt
LibriSpeech/train-clean-100/1069/133709/1069-133709-0018.flac,LibriSpeech/train-clean-100/1069/133709/1069-133709-0018.pt
LibriSpeech/train-clean-100/1069/133709/1069-133709-0019.flac,LibriSpeech/train-clean-100/1069/133709/1069-133709-0019.pt
LibriSpeech/train-clean-100/1069/133709/1069-133709-0020.flac,LibriSpeech/train-clean-100/1069/133709/1069-133709-0020.pt
LibriSpeech/train-clean-100/1069/133709/1069-133709-0021.flac,LibriSpeech/train-clean-100/1069/133709/1069-133709-0021.pt
LibriSpeech/train-clean-100/1069/133709/1069-133709-0022.flac,LibriSpeech/train-clean-100/1069/133709/1069-133709-0022.pt
LibriSpeech/train-clean-100/1069/133709/1069-133709-0023.flac,LibriSpeech/train-clean-100/1069/133709/1069-133709-0023.pt
LibriSpeech/train-clean-100/1069/133709/1069-133709-0024.flac,LibriSpeech/train-clean-100/1069/133709/1069-133709-0024.pt
LibriSpeech/train-clean-100/1069/133709/1069-133709-0025.flac,LibriSpeech/train-clean-100/1069/133709/1069-133709-0025.pt
LibriSpeech/train-clean-100/1069/133709/1069-133709-0026.flac,LibriSpeech/train-clean-100/1069/133709/1069-133709-0026.pt
LibriSpeech/train-clean-100/1069/133709/1069-133709-0027.flac,LibriSpeech/train-clean-100/1069/133709/1069-133709-0027.pt
LibriSpeech/train-clean-100/1069/133709/1069-133709-0028.flac,LibriSpeech/train-clean-100/1069/133709/1069-133709-0028.pt
LibriSpeech/train-clean-100/1069/133709/1069-133709-0029.flac,LibriSpeech/train-clean-100/1069/133709/1069-133709-0029.pt
LibriSpeech/train-clean-100/1069/133709/1069-133709-0030.flac,LibriSpeech/train-clean-100/1069/133709/1069-133709-0030.pt
LibriSpeech/train-clean-100/1069/133709/1069-133709-0031.flac,LibriSpeech/train-clean-100/1069/133709/1069-133709-0031.pt
LibriSpeech/train-clean-100/1069/133709/1069-133709-0032.flac,LibriSpeech/train-clean-100/1069/133709/1069-133709-0032.pt
LibriSpeech/train-clean-100/1069/133709/1069-133709-0033.flac,LibriSpeech/train-clean-100/1069/133709/1069-133709-0033.pt
LibriSpeech/train-clean-100/1069/133709/1069-133709-0034.flac,LibriSpeech/train-clean-100/1069/133709/1069-133709-0034.pt
LibriSpeech/train-clean-100/1069/133709/1069-133709-0035.flac,LibriSpeech/train-clean-100/1069/133709/1069-133709-0035.pt
LibriSpeech/train-clean-100/1069/133709/1069-133709-0036.flac,LibriSpeech/train-clean-100/1069/133709/1069-133709-0036.pt
LibriSpeech/train-clean-100/1069/133709/1069-133709-0037.flac,LibriSpeech/train-clean-100/1069/133709/1069-133709-0037.pt
LibriSpeech/train-clean-100/1069/133709/1069-133709-0038.flac,LibriSpeech/train-clean-100/1069/133709/1069-133709-0038.pt
LibriSpeech/train-clean-100/1069/133709/1069-133709-0039.flac,LibriSpeech/train-clean-100/1069/133709/1069-133709-0039.pt
LibriSpeech/train-clean-100/1069/133709/1069-133709-0040.flac,LibriSpeech/train-clean-100/1069/133709/1069-133709-0040.pt
LibriSpeech/train-clean-100/1069/133709/1069-133709-0041.flac,LibriSpeech/train-clean-100/1069/133709/1069-133709-0041.pt
LibriSpeech/train-clean-100/1069/133709/1069-133709-0042.flac,LibriSpeech/train-clean-100/1069/133709/1069-133709-0042.pt
LibriSpeech/train-clean-100/1069/133709/1069-133709-0043.flac,LibriSpeech/train-clean-100/1069/133709/1069-133709-0043.pt
LibriSpeech/train-clean-100/1069/133709/1069-133709-0044.flac,LibriSpeech/train-clean-100/1069/133709/1069-133709-0044.pt
LibriSpeech/train-clean-100/1069/133709/1069-133709-0045.flac,LibriSpeech/train-clean-100/1069/133709/1069-133709-0045.pt
LibriSpeech/train-clean-100/1069/133709/1069-133709-0046.flac,LibriSpeech/train-clean-100/1069/133709/1069-133709-0046.pt
LibriSpeech/train-clean-100/1069/133709/1069-133709-0047.flac,LibriSpeech/train-clean-100/1069/133709/1069-133709-0047.pt
LibriSpeech/train-clean-100/1069/133709/1069-133709-0048.flac,LibriSpeech/train-clean-100/1069/133709/1069-133709-0048.pt
LibriSpeech/train-clean-100/1069/133709/1069-133709-0049.flac,LibriSpeech/train-clean-100/1069/133709/1069-133709-0049.pt
LibriSpeech/train-clean-100/1069/133709/1069-133709-0050.flac,LibriSpeech/train-clean-100/1069/133709/1069-133709-0050.pt
LibriSpeech/train-clean-100/1069/133709/1069-133709-0051.flac,LibriSpeech/train-clean-100/1069/133709/1069-133709-0051.pt
LibriSpeech/train-clean-100/1069/133709/1069-133709-0052.flac,LibriSpeech/train-clean-100/1069/133709/1069-133709-0052.pt
LibriSpeech/train-clean-100/1081/125237/1081-125237-0000.flac,LibriSpeech/train-clean-100/1081/125237/1081-125237-0000.pt
LibriSpeech/train-clean-100/1081/125237/1081-125237-0001.flac,LibriSpeech/train-clean-100/1081/125237/1081-125237-0001.pt
LibriSpeech/train-clean-100/1081/125237/1081-125237-0002.flac,LibriSpeech/train-clean-100/1081/125237/1081-125237-0002.pt
LibriSpeech/train-clean-100/1081/125237/1081-125237-0003.flac,LibriSpeech/train-clean-100/1081/125237/1081-125237-0003.pt
LibriSpeech/train-clean-100/1081/125237/1081-125237-0004.flac,LibriSpeech/train-clean-100/1081/125237/1081-125237-0004.pt
LibriSpeech/train-clean-100/1081/125237/1081-125237-0005.flac,LibriSpeech/train-clean-100/1081/125237/1081-125237-0005.pt
LibriSpeech/train-clean-100/1081/125237/1081-125237-0006.flac,LibriSpeech/train-clean-100/1081/125237/1081-125237-0006.pt
LibriSpeech/train-clean-100/1081/125237/1081-125237-0007.flac,LibriSpeech/train-clean-100/1081/125237/1081-125237-0007.pt
LibriSpeech/train-clean-100/1081/125237/1081-125237-0008.flac,LibriSpeech/train-clean-100/1081/125237/1081-125237-0008.pt
LibriSpeech/train-clean-100/1081/125237/1081-125237-0009.flac,LibriSpeech/train-clean-100/1081/125237/1081-125237-0009.pt
LibriSpeech/train-clean-100/1081/125237/1081-125237-0010.flac,LibriSpeech/train-clean-100/1081/125237/1081-125237-0010.pt
LibriSpeech/train-clean-100/1081/125237/1081-125237-0011.flac,LibriSpeech/train-clean-100/1081/125237/1081-125237-0011.pt
LibriSpeech/train-clean-100/1081/125237/1081-125237-0012.flac,LibriSpeech/train-clean-100/1081/125237/1081-125237-0012.pt
LibriSpeech/train-clean-100/1081/125237/1081-125237-0013.flac,LibriSpeech/train-clean-100/1081/125237/1081-125237-0013.pt
LibriSpeech/train-clean-100/1081/125237/1081-125237-0014.flac,LibriSpeech/train-clean-100/1081/125237/1081-125237-0014.pt
LibriSpeech/train-clean-100/1081/125237/1081-125237-0015.flac,LibriSpeech/train-clean-100/1081/125237/1081-125237-0015.pt
LibriSpeech/train-clean-100/1081/125237/1081-125237-0016.flac,LibriSpeech/train-clean-100/1081/125237/1081-125237-0016.pt
LibriSpeech/train-clean-100/1081/125237/1081-125237-0017.flac,LibriSpeech/train-clean-100/1081/125237/1081-125237-0017.pt
LibriSpeech/train-clean-100/1081/125237/1081-125237-0018.flac,LibriSpeech/train-clean-100/1081/125237/1081-125237-0018.pt
LibriSpeech/train-clean-100/1081/125237/1081-125237-0019.flac,LibriSpeech/train-clean-100/1081/125237/1081-125237-0019.pt
LibriSpeech/train-clean-100/1081/125237/1081-125237-0020.flac,LibriSpeech/train-clean-100/1081/125237/1081-125237-0020.pt
LibriSpeech/train-clean-100/1081/125237/1081-125237-0021.flac,LibriSpeech/train-clean-100/1081/125237/1081-125237-0021.pt
LibriSpeech/train-clean-100/1081/125237/1081-125237-0022.flac,LibriSpeech/train-clean-100/1081/125237/1081-125237-0022.pt
LibriSpeech/train-clean-100/1081/125237/1081-125237-0023.flac,LibriSpeech/train-clean-100/1081/125237/1081-125237-0023.pt
LibriSpeech/train-clean-100/1081/125237/1081-125237-0024.flac,LibriSpeech/train-clean-100/1081/125237/1081-125237-0024.pt
LibriSpeech/train-clean-100/1081/125237/1081-125237-0025.flac,LibriSpeech/train-clean-100/1081/125237/1081-125237-0025.pt
LibriSpeech/train-clean-100/1081/125237/1081-125237-0026.flac,LibriSpeech/train-clean-100/1081/125237/1081-125237-0026.pt
LibriSpeech/train-clean-100/1081/125237/1081-125237-0027.flac,LibriSpeech/train-clean-100/1081/125237/1081-125237-0027.pt
LibriSpeech/train-clean-100/1081/125237/1081-125237-0028.flac,LibriSpeech/train-clean-100/1081/125237/1081-125237-0028.pt
LibriSpeech/train-clean-100/1081/125237/1081-125237-0029.flac,LibriSpeech/train-clean-100/1081/125237/1081-125237-0029.pt
LibriSpeech/train-clean-100/1081/125237/1081-125237-0030.flac,LibriSpeech/train-clean-100/1081/125237/1081-125237-0030.pt
LibriSpeech/train-clean-100/1081/125237/1081-125237-0031.flac,LibriSpeech/train-clean-100/1081/125237/1081-125237-0031.pt
LibriSpeech/train-clean-100/1081/125237/1081-125237-0032.flac,LibriSpeech/train-clean-100/1081/125237/1081-125237-0032.pt
LibriSpeech/train-clean-100/1081/125237/1081-125237-0033.flac,LibriSpeech/train-clean-100/1081/125237/1081-125237-0033.pt
LibriSpeech/train-clean-100/1081/125237/1081-125237-0034.flac,LibriSpeech/train-clean-100/1081/125237/1081-125237-0034.pt
LibriSpeech/train-clean-100/1081/125237/1081-125237-0035.flac,LibriSpeech/train-clean-100/1081/125237/1081-125237-0035.pt
LibriSpeech/train-clean-100/1081/125237/1081-125237-0036.flac,LibriSpeech/train-clean-100/1081/125237/1081-125237-0036.pt
LibriSpeech/train-clean-100/1081/125237/1081-125237-0037.flac,LibriSpeech/train-clean-100/1081/125237/1081-125237-0037.pt
LibriSpeech/train-clean-100/1081/125237/1081-125237-0038.flac,LibriSpeech/train-clean-100/1081/125237/1081-125237-0038.pt
LibriSpeech/train-clean-100/1081/125237/1081-125237-0039.flac,LibriSpeech/train-clean-100/1081/125237/1081-125237-0039.pt
LibriSpeech/train-clean-100/1081/125237/1081-125237-0040.flac,LibriSpeech/train-clean-100/1081/125237/1081-125237-0040.pt
LibriSpeech/train-clean-100/1081/125237/1081-125237-0041.flac,LibriSpeech/train-clean-100/1081/125237/1081-125237-0041.pt
LibriSpeech/train-clean-100/1081/125237/1081-125237-0042.flac,LibriSpeech/train-clean-100/1081/125237/1081-125237-0042.pt
LibriSpeech/train-clean-100/1081/125237/1081-125237-0043.flac,LibriSpeech/train-clean-100/1081/125237/1081-125237-0043.pt
LibriSpeech/train-clean-100/1081/125237/1081-125237-0044.flac,LibriSpeech/train-clean-100/1081/125237/1081-125237-0044.pt
LibriSpeech/train-clean-100/1081/125237/1081-125237-0045.flac,LibriSpeech/train-clean-100/1081/125237/1081-125237-0045.pt
LibriSpeech/train-clean-100/1081/125237/1081-125237-0046.flac,LibriSpeech/train-clean-100/1081/125237/1081-125237-0046.pt
LibriSpeech/train-clean-100/1081/125237/1081-125237-0047.flac,LibriSpeech/train-clean-100/1081/125237/1081-125237-0047.pt
LibriSpeech/train-clean-100/1081/125237/1081-125237-0048.flac,LibriSpeech/train-clean-100/1081/125237/1081-125237-0048.pt
LibriSpeech/train-clean-100/1081/125237/1081-125237-0049.flac,LibriSpeech/train-clean-100/1081/125237/1081-125237-0049.pt
LibriSpeech/train-clean-100/1081/125237/1081-125237-0050.flac,LibriSpeech/train-clean-100/1081/125237/1081-125237-0050.pt
LibriSpeech/train-clean-100/1081/125237/1081-125237-0051.flac,LibriSpeech/train-clean-100/1081/125237/1081-125237-0051.pt
LibriSpeech/train-clean-100/1081/125237/1081-125237-0052.flac,LibriSpeech/train-clean-100/1081/125237/1081-125237-0052.pt
LibriSpeech/train-clean-100/1081/125237/1081-125237-0053.flac,LibriSpeech/train-clean-100/1081/125237/1081-125237-0053.pt
LibriSpeech/train-clean-100/1081/125237/1081-125237-0054.flac,LibriSpeech/train-clean-100/1081/125237/1081-125237-0054.pt
LibriSpeech/train-clean-100/1081/125237/1081-125237-0055.flac,LibriSpeech/train-clean-100/1081/125237/1081-125237-0055.pt
LibriSpeech/train-clean-100/1081/125237/1081-125237-0056.flac,LibriSpeech/train-clean-100/1081/125237/1081-125237-0056.pt
LibriSpeech/train-clean-100/1081/125237/1081-125237-0057.flac,LibriSpeech/train-clean-100/1081/125237/1081-125237-0057.pt
LibriSpeech/train-clean-100/1081/125237/1081-125237-0058.flac,LibriSpeech/train-clean-100/1081/125237/1081-125237-0058.pt
LibriSpeech/train-clean-100/1081/125237/1081-125237-0059.flac,LibriSpeech/train-clean-100/1081/125237/1081-125237-0059.pt
LibriSpeech/train-clean-100/1081/125237/1081-125237-0060.flac,LibriSpeech/train-clean-100/1081/125237/1081-125237-0060.pt
LibriSpeech/train-clean-100/1081/125237/1081-125237-0061.flac,LibriSpeech/train-clean-100/1081/125237/1081-125237-0061.pt
LibriSpeech/train-clean-100/1081/125237/1081-125237-0062.flac,LibriSpeech/train-clean-100/1081/125237/1081-125237-0062.pt
LibriSpeech/train-clean-100/1081/125237/1081-125237-0063.flac,LibriSpeech/train-clean-100/1081/125237/1081-125237-0063.pt
LibriSpeech/train-clean-100/1081/125237/1081-125237-0064.flac,LibriSpeech/train-clean-100/1081/125237/1081-125237-0064.pt
LibriSpeech/train-clean-100/1081/125237/1081-125237-0065.flac,LibriSpeech/train-clean-100/1081/125237/1081-125237-0065.pt
LibriSpeech/train-clean-100/1081/125237/1081-125237-0066.flac,LibriSpeech/train-clean-100/1081/125237/1081-125237-0066.pt
LibriSpeech/train-clean-100/1081/125237/1081-125237-0067.flac,LibriSpeech/train-clean-100/1081/125237/1081-125237-0067.pt
LibriSpeech/train-clean-100/1081/125237/1081-125237-0068.flac,LibriSpeech/train-clean-100/1081/125237/1081-125237-0068.pt
LibriSpeech/train-clean-100/1081/125237/1081-125237-0069.flac,LibriSpeech/train-clean-100/1081/125237/1081-125237-0069.pt
LibriSpeech/train-clean-100/1081/125237/1081-125237-0070.flac,LibriSpeech/train-clean-100/1081/125237/1081-125237-0070.pt
LibriSpeech/train-clean-100/1081/125237/1081-125237-0071.flac,LibriSpeech/train-clean-100/1081/125237/1081-125237-0071.pt
LibriSpeech/train-clean-100/1081/125237/1081-125237-0072.flac,LibriSpeech/train-clean-100/1081/125237/1081-125237-0072.pt
LibriSpeech/train-clean-100/1081/125237/1081-125237-0073.flac,LibriSpeech/train-clean-100/1081/125237/1081-125237-0073.pt
LibriSpeech/train-clean-100/1081/125237/1081-125237-0074.flac,LibriSpeech/train-clean-100/1081/125237/1081-125237-0074.pt
LibriSpeech/train-clean-100/1081/125237/1081-125237-0075.flac,LibriSpeech/train-clean-100/1081/125237/1081-125237-0075.pt
LibriSpeech/train-clean-100/1081/125237/1081-125237-0076.flac,LibriSpeech/train-clean-100/1081/125237/1081-125237-0076.pt
LibriSpeech/train-clean-100/1081/125237/1081-125237-0077.flac,LibriSpeech/train-clean-100/1081/125237/1081-125237-0077.pt
LibriSpeech/train-clean-100/1081/125237/1081-125237-0078.flac,LibriSpeech/train-clean-100/1081/125237/1081-125237-0078.pt
LibriSpeech/train-clean-100/1081/125237/1081-125237-0079.flac,LibriSpeech/train-clean-100/1081/125237/1081-125237-0079.pt
LibriSpeech/train-clean-100/1081/125237/1081-125237-0080.flac,LibriSpeech/train-clean-100/1081/125237/1081-125237-0080.pt
LibriSpeech/train-clean-100/1081/125237/1081-125237-0081.flac,LibriSpeech/train-clean-100/1081/125237/1081-125237-0081.pt
LibriSpeech/train-clean-100/1081/125237/1081-125237-0082.flac,LibriSpeech/train-clean-100/1081/125237/1081-125237-0082.pt
LibriSpeech/train-clean-100/1081/125237/1081-125237-0083.flac,LibriSpeech/train-clean-100/1081/125237/1081-125237-0083.pt
LibriSpeech/train-clean-100/1081/125237/1081-125237-0084.flac,LibriSpeech/train-clean-100/1081/125237/1081-125237-0084.pt
LibriSpeech/train-clean-100/1081/125237/1081-125237-0085.flac,LibriSpeech/train-clean-100/1081/125237/1081-125237-0085.pt
LibriSpeech/train-clean-100/1081/125237/1081-125237-0086.flac,LibriSpeech/train-clean-100/1081/125237/1081-125237-0086.pt
LibriSpeech/train-clean-100/1081/125237/1081-125237-0087.flac,LibriSpeech/train-clean-100/1081/125237/1081-125237-0087.pt
LibriSpeech/train-clean-100/1081/125237/1081-125237-0088.flac,LibriSpeech/train-clean-100/1081/125237/1081-125237-0088.pt
LibriSpeech/train-clean-100/1081/125237/1081-125237-0089.flac,LibriSpeech/train-clean-100/1081/125237/1081-125237-0089.pt
LibriSpeech/train-clean-100/1081/125237/1081-125237-0090.flac,LibriSpeech/train-clean-100/1081/125237/1081-125237-0090.pt
LibriSpeech/train-clean-100/1081/125237/1081-125237-0091.flac,LibriSpeech/train-clean-100/1081/125237/1081-125237-0091.pt
LibriSpeech/train-clean-100/1081/125237/1081-125237-0092.flac,LibriSpeech/train-clean-100/1081/125237/1081-125237-0092.pt
LibriSpeech/train-clean-100/1081/125237/1081-125237-0093.flac,LibriSpeech/train-clean-100/1081/125237/1081-125237-0093.pt
LibriSpeech/train-clean-100/1081/125237/1081-125237-0094.flac,LibriSpeech/train-clean-100/1081/125237/1081-125237-0094.pt
LibriSpeech/train-clean-100/1081/125237/1081-125237-0095.flac,LibriSpeech/train-clean-100/1081/125237/1081-125237-0095.pt
LibriSpeech/train-clean-100/1081/125237/1081-125237-0096.flac,LibriSpeech/train-clean-100/1081/125237/1081-125237-0096.pt
LibriSpeech/train-clean-100/1081/125237/1081-125237-0097.flac,LibriSpeech/train-clean-100/1081/125237/1081-125237-0097.pt
LibriSpeech/train-clean-100/1081/125237/1081-125237-0098.flac,LibriSpeech/train-clean-100/1081/125237/1081-125237-0098.pt
LibriSpeech/train-clean-100/1081/125237/1081-125237-0099.flac,LibriSpeech/train-clean-100/1081/125237/1081-125237-0099.pt
LibriSpeech/train-clean-100/1081/125237/1081-125237-0100.flac,LibriSpeech/train-clean-100/1081/125237/1081-125237-0100.pt
LibriSpeech/train-clean-100/1081/125237/1081-125237-0101.flac,LibriSpeech/train-clean-100/1081/125237/1081-125237-0101.pt
LibriSpeech/train-clean-100/1081/125237/1081-125237-0102.flac,LibriSpeech/train-clean-100/1081/125237/1081-125237-0102.pt
LibriSpeech/train-clean-100/1081/125237/1081-125237-0103.flac,LibriSpeech/train-clean-100/1081/125237/1081-125237-0103.pt
LibriSpeech/train-clean-100/1081/125237/1081-125237-0104.flac,LibriSpeech/train-clean-100/1081/125237/1081-125237-0104.pt
LibriSpeech/train-clean-100/1081/125237/1081-125237-0105.flac,LibriSpeech/train-clean-100/1081/125237/1081-125237-0105.pt
LibriSpeech/train-clean-100/1081/125237/1081-125237-0106.flac,LibriSpeech/train-clean-100/1081/125237/1081-125237-0106.pt
LibriSpeech/train-clean-100/1081/125237/1081-125237-0107.flac,LibriSpeech/train-clean-100/1081/125237/1081-125237-0107.pt
LibriSpeech/train-clean-100/1081/125237/1081-125237-0108.flac,LibriSpeech/train-clean-100/1081/125237/1081-125237-0108.pt
LibriSpeech/train-clean-100/1081/125237/1081-125237-0109.flac,LibriSpeech/train-clean-100/1081/125237/1081-125237-0109.pt
LibriSpeech/train-clean-100/1081/125237/1081-125237-0110.flac,LibriSpeech/train-clean-100/1081/125237/1081-125237-0110.pt
LibriSpeech/train-clean-100/1081/125237/1081-125237-0111.flac,LibriSpeech/train-clean-100/1081/125237/1081-125237-0111.pt
LibriSpeech/train-clean-100/1081/125237/1081-125237-0112.flac,LibriSpeech/train-clean-100/1081/125237/1081-125237-0112.pt
LibriSpeech/train-clean-100/1081/125237/1081-125237-0113.flac,LibriSpeech/train-clean-100/1081/125237/1081-125237-0113.pt
LibriSpeech/train-clean-100/1081/125237/1081-125237-0114.flac,LibriSpeech/train-clean-100/1081/125237/1081-125237-0114.pt
LibriSpeech/train-clean-100/1081/125237/1081-125237-0115.flac,LibriSpeech/train-clean-100/1081/125237/1081-125237-0115.pt
LibriSpeech/train-clean-100/1081/128618/1081-128618-0000.flac,LibriSpeech/train-clean-100/1081/128618/1081-128618-0000.pt
LibriSpeech/train-clean-100/1081/128618/1081-128618-0001.flac,LibriSpeech/train-clean-100/1081/128618/1081-128618-0001.pt
LibriSpeech/train-clean-100/1081/128618/1081-128618-0002.flac,LibriSpeech/train-clean-100/1081/128618/1081-128618-0002.pt
LibriSpeech/train-clean-100/1081/128618/1081-128618-0003.flac,LibriSpeech/train-clean-100/1081/128618/1081-128618-0003.pt
LibriSpeech/train-clean-100/1081/128618/1081-128618-0004.flac,LibriSpeech/train-clean-100/1081/128618/1081-128618-0004.pt
LibriSpeech/train-clean-100/1081/128618/1081-128618-0005.flac,LibriSpeech/train-clean-100/1081/128618/1081-128618-0005.pt
LibriSpeech/train-clean-100/1081/128618/1081-128618-0006.flac,LibriSpeech/train-clean-100/1081/128618/1081-128618-0006.pt
LibriSpeech/train-clean-100/1081/128618/1081-128618-0007.flac,LibriSpeech/train-clean-100/1081/128618/1081-128618-0007.pt
LibriSpeech/train-clean-100/1081/128618/1081-128618-0008.flac,LibriSpeech/train-clean-100/1081/128618/1081-128618-0008.pt
LibriSpeech/train-clean-100/1081/128618/1081-128618-0009.flac,LibriSpeech/train-clean-100/1081/128618/1081-128618-0009.pt
LibriSpeech/train-clean-100/1081/128618/1081-128618-0010.flac,LibriSpeech/train-clean-100/1081/128618/1081-128618-0010.pt
LibriSpeech/train-clean-100/1081/128618/1081-128618-0011.flac,LibriSpeech/train-clean-100/1081/128618/1081-128618-0011.pt
LibriSpeech/train-clean-100/1081/128618/1081-128618-0012.flac,LibriSpeech/train-clean-100/1081/128618/1081-128618-0012.pt
LibriSpeech/train-clean-100/1081/128618/1081-128618-0013.flac,LibriSpeech/train-clean-100/1081/128618/1081-128618-0013.pt
LibriSpeech/train-clean-100/1088/129236/1088-129236-0000.flac,LibriSpeech/train-clean-100/1088/129236/1088-129236-0000.pt
LibriSpeech/train-clean-100/1088/129236/1088-129236-0001.flac,LibriSpeech/train-clean-100/1088/129236/1088-129236-0001.pt
LibriSpeech/train-clean-100/1088/129236/1088-129236-0002.flac,LibriSpeech/train-clean-100/1088/129236/1088-129236-0002.pt
LibriSpeech/train-clean-100/1088/129236/1088-129236-0003.flac,LibriSpeech/train-clean-100/1088/129236/1088-129236-0003.pt
LibriSpeech/train-clean-100/1088/129236/1088-129236-0004.flac,LibriSpeech/train-clean-100/1088/129236/1088-129236-0004.pt
LibriSpeech/train-clean-100/1088/129236/1088-129236-0005.flac,LibriSpeech/train-clean-100/1088/129236/1088-129236-0005.pt
LibriSpeech/train-clean-100/1088/129236/1088-129236-0006.flac,LibriSpeech/train-clean-100/1088/129236/1088-129236-0006.pt
LibriSpeech/train-clean-100/1088/129236/1088-129236-0007.flac,LibriSpeech/train-clean-100/1088/129236/1088-129236-0007.pt
LibriSpeech/train-clean-100/1088/129236/1088-129236-0008.flac,LibriSpeech/train-clean-100/1088/129236/1088-129236-0008.pt
LibriSpeech/train-clean-100/1088/129236/1088-129236-0009.flac,LibriSpeech/train-clean-100/1088/129236/1088-129236-0009.pt
LibriSpeech/train-clean-100/1088/129236/1088-129236-0010.flac,LibriSpeech/train-clean-100/1088/129236/1088-129236-0010.pt
LibriSpeech/train-clean-100/1088/129236/1088-129236-0011.flac,LibriSpeech/train-clean-100/1088/129236/1088-129236-0011.pt
LibriSpeech/train-clean-100/1088/129236/1088-129236-0012.flac,LibriSpeech/train-clean-100/1088/129236/1088-129236-0012.pt
LibriSpeech/train-clean-100/1088/129236/1088-129236-0013.flac,LibriSpeech/train-clean-100/1088/129236/1088-129236-0013.pt
LibriSpeech/train-clean-100/1088/129236/1088-129236-0014.flac,LibriSpeech/train-clean-100/1088/129236/1088-129236-0014.pt
LibriSpeech/train-clean-100/1088/129236/1088-129236-0015.flac,LibriSpeech/train-clean-100/1088/129236/1088-129236-0015.pt
LibriSpeech/train-clean-100/1088/129236/1088-129236-0016.flac,LibriSpeech/train-clean-100/1088/129236/1088-129236-0016.pt
LibriSpeech/train-clean-100/1088/129236/1088-129236-0017.flac,LibriSpeech/train-clean-100/1088/129236/1088-129236-0017.pt
LibriSpeech/train-clean-100/1088/129236/1088-129236-0018.flac,LibriSpeech/train-clean-100/1088/129236/1088-129236-0018.pt
LibriSpeech/train-clean-100/1088/129236/1088-129236-0019.flac,LibriSpeech/train-clean-100/1088/129236/1088-129236-0019.pt
LibriSpeech/train-clean-100/1088/129236/1088-129236-0020.flac,LibriSpeech/train-clean-100/1088/129236/1088-129236-0020.pt
LibriSpeech/train-clean-100/1088/129236/1088-129236-0021.flac,LibriSpeech/train-clean-100/1088/129236/1088-129236-0021.pt
LibriSpeech/train-clean-100/1088/129236/1088-129236-0022.flac,LibriSpeech/train-clean-100/1088/129236/1088-129236-0022.pt
LibriSpeech/train-clean-100/1088/129236/1088-129236-0023.flac,LibriSpeech/train-clean-100/1088/129236/1088-129236-0023.pt
LibriSpeech/train-clean-100/1088/129236/1088-129236-0024.flac,LibriSpeech/train-clean-100/1088/129236/1088-129236-0024.pt
LibriSpeech/train-clean-100/1088/129236/1088-129236-0025.flac,LibriSpeech/train-clean-100/1088/129236/1088-129236-0025.pt
LibriSpeech/train-clean-100/1088/129236/1088-129236-0026.flac,LibriSpeech/train-clean-100/1088/129236/1088-129236-0026.pt
LibriSpeech/train-clean-100/1088/129236/1088-129236-0027.flac,LibriSpeech/train-clean-100/1088/129236/1088-129236-0027.pt
LibriSpeech/train-clean-100/1088/129236/1088-129236-0028.flac,LibriSpeech/train-clean-100/1088/129236/1088-129236-0028.pt
LibriSpeech/train-clean-100/1088/129236/1088-129236-0029.flac,LibriSpeech/train-clean-100/1088/129236/1088-129236-0029.pt
LibriSpeech/train-clean-100/1088/129236/1088-129236-0030.flac,LibriSpeech/train-clean-100/1088/129236/1088-129236-0030.pt
LibriSpeech/train-clean-100/1088/134315/1088-134315-0000.flac,LibriSpeech/train-clean-100/1088/134315/1088-134315-0000.pt
LibriSpeech/train-clean-100/1088/134315/1088-134315-0001.flac,LibriSpeech/train-clean-100/1088/134315/1088-134315-0001.pt
LibriSpeech/train-clean-100/1088/134315/1088-134315-0002.flac,LibriSpeech/train-clean-100/1088/134315/1088-134315-0002.pt
LibriSpeech/train-clean-100/1088/134315/1088-134315-0003.flac,LibriSpeech/train-clean-100/1088/134315/1088-134315-0003.pt
LibriSpeech/train-clean-100/1088/134315/1088-134315-0004.flac,LibriSpeech/train-clean-100/1088/134315/1088-134315-0004.pt
LibriSpeech/train-clean-100/1088/134315/1088-134315-0005.flac,LibriSpeech/train-clean-100/1088/134315/1088-134315-0005.pt
LibriSpeech/train-clean-100/1088/134315/1088-134315-0006.flac,LibriSpeech/train-clean-100/1088/134315/1088-134315-0006.pt
LibriSpeech/train-clean-100/1088/134315/1088-134315-0007.flac,LibriSpeech/train-clean-100/1088/134315/1088-134315-0007.pt
LibriSpeech/train-clean-100/1088/134315/1088-134315-0008.flac,LibriSpeech/train-clean-100/1088/134315/1088-134315-0008.pt
LibriSpeech/train-clean-100/1088/134315/1088-134315-0009.flac,LibriSpeech/train-clean-100/1088/134315/1088-134315-0009.pt
LibriSpeech/train-clean-100/1088/134315/1088-134315-0010.flac,LibriSpeech/train-clean-100/1088/134315/1088-134315-0010.pt
LibriSpeech/train-clean-100/1088/134315/1088-134315-0011.flac,LibriSpeech/train-clean-100/1088/134315/1088-134315-0011.pt
LibriSpeech/train-clean-100/1088/134315/1088-134315-0012.flac,LibriSpeech/train-clean-100/1088/134315/1088-134315-0012.pt
LibriSpeech/train-clean-100/1088/134315/1088-134315-0013.flac,LibriSpeech/train-clean-100/1088/134315/1088-134315-0013.pt
LibriSpeech/train-clean-100/1088/134315/1088-134315-0014.flac,LibriSpeech/train-clean-100/1088/134315/1088-134315-0014.pt
LibriSpeech/train-clean-100/1088/134315/1088-134315-0015.flac,LibriSpeech/train-clean-100/1088/134315/1088-134315-0015.pt
LibriSpeech/train-clean-100/1088/134315/1088-134315-0016.flac,LibriSpeech/train-clean-100/1088/134315/1088-134315-0016.pt
LibriSpeech/train-clean-100/1088/134315/1088-134315-0017.flac,LibriSpeech/train-clean-100/1088/134315/1088-134315-0017.pt
LibriSpeech/train-clean-100/1088/134315/1088-134315-0018.flac,LibriSpeech/train-clean-100/1088/134315/1088-134315-0018.pt
LibriSpeech/train-clean-100/1088/134315/1088-134315-0019.flac,LibriSpeech/train-clean-100/1088/134315/1088-134315-0019.pt
LibriSpeech/train-clean-100/1088/134315/1088-134315-0020.flac,LibriSpeech/train-clean-100/1088/134315/1088-134315-0020.pt
LibriSpeech/train-clean-100/1088/134315/1088-134315-0021.flac,LibriSpeech/train-clean-100/1088/134315/1088-134315-0021.pt
LibriSpeech/train-clean-100/1088/134315/1088-134315-0022.flac,LibriSpeech/train-clean-100/1088/134315/1088-134315-0022.pt
LibriSpeech/train-clean-100/1088/134315/1088-134315-0023.flac,LibriSpeech/train-clean-100/1088/134315/1088-134315-0023.pt
LibriSpeech/train-clean-100/1088/134315/1088-134315-0024.flac,LibriSpeech/train-clean-100/1088/134315/1088-134315-0024.pt
LibriSpeech/train-clean-100/1088/134315/1088-134315-0025.flac,LibriSpeech/train-clean-100/1088/134315/1088-134315-0025.pt
LibriSpeech/train-clean-100/1088/134315/1088-134315-0026.flac,LibriSpeech/train-clean-100/1088/134315/1088-134315-0026.pt
LibriSpeech/train-clean-100/1088/134315/1088-134315-0027.flac,LibriSpeech/train-clean-100/1088/134315/1088-134315-0027.pt
LibriSpeech/train-clean-100/1088/134315/1088-134315-0028.flac,LibriSpeech/train-clean-100/1088/134315/1088-134315-0028.pt
LibriSpeech/train-clean-100/1088/134315/1088-134315-0029.flac,LibriSpeech/train-clean-100/1088/134315/1088-134315-0029.pt
LibriSpeech/train-clean-100/1088/134315/1088-134315-0030.flac,LibriSpeech/train-clean-100/1088/134315/1088-134315-0030.pt
LibriSpeech/train-clean-100/1088/134315/1088-134315-0031.flac,LibriSpeech/train-clean-100/1088/134315/1088-134315-0031.pt
LibriSpeech/train-clean-100/1088/134315/1088-134315-0032.flac,LibriSpeech/train-clean-100/1088/134315/1088-134315-0032.pt
LibriSpeech/train-clean-100/1088/134315/1088-134315-0033.flac,LibriSpeech/train-clean-100/1088/134315/1088-134315-0033.pt
LibriSpeech/train-clean-100/1088/134315/1088-134315-0034.flac,LibriSpeech/train-clean-100/1088/134315/1088-134315-0034.pt
LibriSpeech/train-clean-100/1088/134315/1088-134315-0035.flac,LibriSpeech/train-clean-100/1088/134315/1088-134315-0035.pt
LibriSpeech/train-clean-100/1088/134315/1088-134315-0036.flac,LibriSpeech/train-clean-100/1088/134315/1088-134315-0036.pt
LibriSpeech/train-clean-100/1088/134315/1088-134315-0037.flac,LibriSpeech/train-clean-100/1088/134315/1088-134315-0037.pt
LibriSpeech/train-clean-100/1088/134315/1088-134315-0038.flac,LibriSpeech/train-clean-100/1088/134315/1088-134315-0038.pt
LibriSpeech/train-clean-100/1088/134315/1088-134315-0039.flac,LibriSpeech/train-clean-100/1088/134315/1088-134315-0039.pt
LibriSpeech/train-clean-100/1088/134315/1088-134315-0040.flac,LibriSpeech/train-clean-100/1088/134315/1088-134315-0040.pt
LibriSpeech/train-clean-100/1088/134315/1088-134315-0041.flac,LibriSpeech/train-clean-100/1088/134315/1088-134315-0041.pt
LibriSpeech/train-clean-100/1088/134315/1088-134315-0042.flac,LibriSpeech/train-clean-100/1088/134315/1088-134315-0042.pt
LibriSpeech/train-clean-100/1088/134315/1088-134315-0043.flac,LibriSpeech/train-clean-100/1088/134315/1088-134315-0043.pt
LibriSpeech/train-clean-100/1088/134315/1088-134315-0044.flac,LibriSpeech/train-clean-100/1088/134315/1088-134315-0044.pt
LibriSpeech/train-clean-100/1088/134315/1088-134315-0045.flac,LibriSpeech/train-clean-100/1088/134315/1088-134315-0045.pt
LibriSpeech/train-clean-100/1088/134315/1088-134315-0046.flac,LibriSpeech/train-clean-100/1088/134315/1088-134315-0046.pt
LibriSpeech/train-clean-100/1088/134315/1088-134315-0047.flac,LibriSpeech/train-clean-100/1088/134315/1088-134315-0047.pt
LibriSpeech/train-clean-100/1088/134315/1088-134315-0048.flac,LibriSpeech/train-clean-100/1088/134315/1088-134315-0048.pt
LibriSpeech/train-clean-100/1088/134315/1088-134315-0049.flac,LibriSpeech/train-clean-100/1088/134315/1088-134315-0049.pt
LibriSpeech/train-clean-100/1088/134315/1088-134315-0050.flac,LibriSpeech/train-clean-100/1088/134315/1088-134315-0050.pt
LibriSpeech/train-clean-100/1088/134315/1088-134315-0051.flac,LibriSpeech/train-clean-100/1088/134315/1088-134315-0051.pt
LibriSpeech/train-clean-100/1088/134315/1088-134315-0052.flac,LibriSpeech/train-clean-100/1088/134315/1088-134315-0052.pt
LibriSpeech/train-clean-100/1088/134315/1088-134315-0053.flac,LibriSpeech/train-clean-100/1088/134315/1088-134315-0053.pt
LibriSpeech/train-clean-100/1088/134315/1088-134315-0054.flac,LibriSpeech/train-clean-100/1088/134315/1088-134315-0054.pt
LibriSpeech/train-clean-100/1088/134315/1088-134315-0055.flac,LibriSpeech/train-clean-100/1088/134315/1088-134315-0055.pt
LibriSpeech/train-clean-100/1088/134315/1088-134315-0056.flac,LibriSpeech/train-clean-100/1088/134315/1088-134315-0056.pt
LibriSpeech/train-clean-100/1088/134315/1088-134315-0057.flac,LibriSpeech/train-clean-100/1088/134315/1088-134315-0057.pt
LibriSpeech/train-clean-100/1088/134315/1088-134315-0058.flac,LibriSpeech/train-clean-100/1088/134315/1088-134315-0058.pt
LibriSpeech/train-clean-100/1088/134318/1088-134318-0000.flac,LibriSpeech/train-clean-100/1088/134318/1088-134318-0000.pt
LibriSpeech/train-clean-100/1088/134318/1088-134318-0001.flac,LibriSpeech/train-clean-100/1088/134318/1088-134318-0001.pt
LibriSpeech/train-clean-100/1088/134318/1088-134318-0002.flac,LibriSpeech/train-clean-100/1088/134318/1088-134318-0002.pt
LibriSpeech/train-clean-100/1088/134318/1088-134318-0003.flac,LibriSpeech/train-clean-100/1088/134318/1088-134318-0003.pt
LibriSpeech/train-clean-100/1088/134318/1088-134318-0004.flac,LibriSpeech/train-clean-100/1088/134318/1088-134318-0004.pt
LibriSpeech/train-clean-100/1088/134318/1088-134318-0005.flac,LibriSpeech/train-clean-100/1088/134318/1088-134318-0005.pt
LibriSpeech/train-clean-100/1088/134318/1088-134318-0006.flac,LibriSpeech/train-clean-100/1088/134318/1088-134318-0006.pt
LibriSpeech/train-clean-100/1088/134318/1088-134318-0007.flac,LibriSpeech/train-clean-100/1088/134318/1088-134318-0007.pt
LibriSpeech/train-clean-100/1088/134318/1088-134318-0008.flac,LibriSpeech/train-clean-100/1088/134318/1088-134318-0008.pt
LibriSpeech/train-clean-100/1088/134318/1088-134318-0009.flac,LibriSpeech/train-clean-100/1088/134318/1088-134318-0009.pt
LibriSpeech/train-clean-100/1088/134318/1088-134318-0010.flac,LibriSpeech/train-clean-100/1088/134318/1088-134318-0010.pt
LibriSpeech/train-clean-100/1088/134318/1088-134318-0011.flac,LibriSpeech/train-clean-100/1088/134318/1088-134318-0011.pt
LibriSpeech/train-clean-100/1088/134318/1088-134318-0012.flac,LibriSpeech/train-clean-100/1088/134318/1088-134318-0012.pt
LibriSpeech/train-clean-100/1088/134318/1088-134318-0013.flac,LibriSpeech/train-clean-100/1088/134318/1088-134318-0013.pt
LibriSpeech/train-clean-100/1088/134318/1088-134318-0014.flac,LibriSpeech/train-clean-100/1088/134318/1088-134318-0014.pt
LibriSpeech/train-clean-100/1088/134318/1088-134318-0015.flac,LibriSpeech/train-clean-100/1088/134318/1088-134318-0015.pt
LibriSpeech/train-clean-100/1088/134318/1088-134318-0016.flac,LibriSpeech/train-clean-100/1088/134318/1088-134318-0016.pt
LibriSpeech/train-clean-100/1088/134318/1088-134318-0017.flac,LibriSpeech/train-clean-100/1088/134318/1088-134318-0017.pt
LibriSpeech/train-clean-100/1088/134318/1088-134318-0018.flac,LibriSpeech/train-clean-100/1088/134318/1088-134318-0018.pt
LibriSpeech/train-clean-100/1088/134318/1088-134318-0019.flac,LibriSpeech/train-clean-100/1088/134318/1088-134318-0019.pt
LibriSpeech/train-clean-100/1088/134318/1088-134318-0020.flac,LibriSpeech/train-clean-100/1088/134318/1088-134318-0020.pt
LibriSpeech/train-clean-100/1088/134318/1088-134318-0021.flac,LibriSpeech/train-clean-100/1088/134318/1088-134318-0021.pt
LibriSpeech/train-clean-100/1098/133695/1098-133695-0000.flac,LibriSpeech/train-clean-100/1098/133695/1098-133695-0000.pt
LibriSpeech/train-clean-100/1098/133695/1098-133695-0001.flac,LibriSpeech/train-clean-100/1098/133695/1098-133695-0001.pt
LibriSpeech/train-clean-100/1098/133695/1098-133695-0002.flac,LibriSpeech/train-clean-100/1098/133695/1098-133695-0002.pt
LibriSpeech/train-clean-100/1098/133695/1098-133695-0003.flac,LibriSpeech/train-clean-100/1098/133695/1098-133695-0003.pt
LibriSpeech/train-clean-100/1098/133695/1098-133695-0004.flac,LibriSpeech/train-clean-100/1098/133695/1098-133695-0004.pt
LibriSpeech/train-clean-100/1098/133695/1098-133695-0005.flac,LibriSpeech/train-clean-100/1098/133695/1098-133695-0005.pt
LibriSpeech/train-clean-100/1098/133695/1098-133695-0006.flac,LibriSpeech/train-clean-100/1098/133695/1098-133695-0006.pt
LibriSpeech/train-clean-100/1098/133695/1098-133695-0007.flac,LibriSpeech/train-clean-100/1098/133695/1098-133695-0007.pt
LibriSpeech/train-clean-100/1098/133695/1098-133695-0008.flac,LibriSpeech/train-clean-100/1098/133695/1098-133695-0008.pt
LibriSpeech/train-clean-100/1098/133695/1098-133695-0009.flac,LibriSpeech/train-clean-100/1098/133695/1098-133695-0009.pt
LibriSpeech/train-clean-100/1098/133695/1098-133695-0010.flac,LibriSpeech/train-clean-100/1098/133695/1098-133695-0010.pt
LibriSpeech/train-clean-100/1098/133695/1098-133695-0011.flac,LibriSpeech/train-clean-100/1098/133695/1098-133695-0011.pt
LibriSpeech/train-clean-100/1098/133695/1098-133695-0012.flac,LibriSpeech/train-clean-100/1098/133695/1098-133695-0012.pt
LibriSpeech/train-clean-100/1098/133695/1098-133695-0013.flac,LibriSpeech/train-clean-100/1098/133695/1098-133695-0013.pt
LibriSpeech/train-clean-100/1098/133695/1098-133695-0014.flac,LibriSpeech/train-clean-100/1098/133695/1098-133695-0014.pt
LibriSpeech/train-clean-100/1098/133695/1098-133695-0015.flac,LibriSpeech/train-clean-100/1098/133695/1098-133695-0015.pt
LibriSpeech/train-clean-100/1098/133695/1098-133695-0016.flac,LibriSpeech/train-clean-100/1098/133695/1098-133695-0016.pt
LibriSpeech/train-clean-100/1098/133695/1098-133695-0017.flac,LibriSpeech/train-clean-100/1098/133695/1098-133695-0017.pt
LibriSpeech/train-clean-100/1098/133695/1098-133695-0018.flac,LibriSpeech/train-clean-100/1098/133695/1098-133695-0018.pt
LibriSpeech/train-clean-100/1098/133695/1098-133695-0019.flac,LibriSpeech/train-clean-100/1098/133695/1098-133695-0019.pt
LibriSpeech/train-clean-100/1098/133695/1098-133695-0020.flac,LibriSpeech/train-clean-100/1098/133695/1098-133695-0020.pt
LibriSpeech/train-clean-100/1098/133695/1098-133695-0021.flac,LibriSpeech/train-clean-100/1098/133695/1098-133695-0021.pt
LibriSpeech/train-clean-100/1098/133695/1098-133695-0022.flac,LibriSpeech/train-clean-100/1098/133695/1098-133695-0022.pt
LibriSpeech/train-clean-100/1098/133695/1098-133695-0023.flac,LibriSpeech/train-clean-100/1098/133695/1098-133695-0023.pt
LibriSpeech/train-clean-100/1098/133695/1098-133695-0024.flac,LibriSpeech/train-clean-100/1098/133695/1098-133695-0024.pt
LibriSpeech/train-clean-100/1098/133695/1098-133695-0025.flac,LibriSpeech/train-clean-100/1098/133695/1098-133695-0025.pt
LibriSpeech/train-clean-100/1098/133695/1098-133695-0026.flac,LibriSpeech/train-clean-100/1098/133695/1098-133695-0026.pt
LibriSpeech/train-clean-100/1098/133695/1098-133695-0027.flac,LibriSpeech/train-clean-100/1098/133695/1098-133695-0027.pt
LibriSpeech/train-clean-100/1098/133695/1098-133695-0028.flac,LibriSpeech/train-clean-100/1098/133695/1098-133695-0028.pt
LibriSpeech/train-clean-100/1098/133695/1098-133695-0029.flac,LibriSpeech/train-clean-100/1098/133695/1098-133695-0029.pt
LibriSpeech/train-clean-100/1098/133695/1098-133695-0030.flac,LibriSpeech/train-clean-100/1098/133695/1098-133695-0030.pt
LibriSpeech/train-clean-100/1098/133695/1098-133695-0031.flac,LibriSpeech/train-clean-100/1098/133695/1098-133695-0031.pt
LibriSpeech/train-clean-100/1098/133695/1098-133695-0032.flac,LibriSpeech/train-clean-100/1098/133695/1098-133695-0032.pt
LibriSpeech/train-clean-100/1098/133695/1098-133695-0033.flac,LibriSpeech/train-clean-100/1098/133695/1098-133695-0033.pt
LibriSpeech/train-clean-100/1098/133695/1098-133695-0034.flac,LibriSpeech/train-clean-100/1098/133695/1098-133695-0034.pt
LibriSpeech/train-clean-100/1098/133695/1098-133695-0035.flac,LibriSpeech/train-clean-100/1098/133695/1098-133695-0035.pt
LibriSpeech/train-clean-100/1098/133695/1098-133695-0036.flac,LibriSpeech/train-clean-100/1098/133695/1098-133695-0036.pt
LibriSpeech/train-clean-100/1098/133695/1098-133695-0037.flac,LibriSpeech/train-clean-100/1098/133695/1098-133695-0037.pt
LibriSpeech/train-clean-100/1098/133695/1098-133695-0038.flac,LibriSpeech/train-clean-100/1098/133695/1098-133695-0038.pt
LibriSpeech/train-clean-100/1098/133695/1098-133695-0039.flac,LibriSpeech/train-clean-100/1098/133695/1098-133695-0039.pt
LibriSpeech/train-clean-100/1098/133695/1098-133695-0040.flac,LibriSpeech/train-clean-100/1098/133695/1098-133695-0040.pt
LibriSpeech/train-clean-100/1098/133695/1098-133695-0041.flac,LibriSpeech/train-clean-100/1098/133695/1098-133695-0041.pt
LibriSpeech/train-clean-100/1098/133695/1098-133695-0042.flac,LibriSpeech/train-clean-100/1098/133695/1098-133695-0042.pt
LibriSpeech/train-clean-100/1098/133695/1098-133695-0043.flac,LibriSpeech/train-clean-100/1098/133695/1098-133695-0043.pt
LibriSpeech/train-clean-100/1098/133695/1098-133695-0044.flac,LibriSpeech/train-clean-100/1098/133695/1098-133695-0044.pt
LibriSpeech/train-clean-100/1098/133695/1098-133695-0045.flac,LibriSpeech/train-clean-100/1098/133695/1098-133695-0045.pt
LibriSpeech/train-clean-100/1098/133695/1098-133695-0046.flac,LibriSpeech/train-clean-100/1098/133695/1098-133695-0046.pt
LibriSpeech/train-clean-100/1098/133695/1098-133695-0047.flac,LibriSpeech/train-clean-100/1098/133695/1098-133695-0047.pt
LibriSpeech/train-clean-100/1098/133695/1098-133695-0048.flac,LibriSpeech/train-clean-100/1098/133695/1098-133695-0048.pt
LibriSpeech/train-clean-100/1098/133695/1098-133695-0049.flac,LibriSpeech/train-clean-100/1098/133695/1098-133695-0049.pt
LibriSpeech/train-clean-100/1098/133695/1098-133695-0050.flac,LibriSpeech/train-clean-100/1098/133695/1098-133695-0050.pt
LibriSpeech/train-clean-100/1098/133695/1098-133695-0051.flac,LibriSpeech/train-clean-100/1098/133695/1098-133695-0051.pt
LibriSpeech/train-clean-100/1098/133695/1098-133695-0052.flac,LibriSpeech/train-clean-100/1098/133695/1098-133695-0052.pt
LibriSpeech/train-clean-100/1098/133695/1098-133695-0053.flac,LibriSpeech/train-clean-100/1098/133695/1098-133695-0053.pt
LibriSpeech/train-clean-100/1098/133695/1098-133695-0054.flac,LibriSpeech/train-clean-100/1098/133695/1098-133695-0054.pt
LibriSpeech/train-clean-100/1098/133695/1098-133695-0055.flac,LibriSpeech/train-clean-100/1098/133695/1098-133695-0055.pt
LibriSpeech/train-clean-100/1098/133695/1098-133695-0056.flac,LibriSpeech/train-clean-100/1098/133695/1098-133695-0056.pt
LibriSpeech/train-clean-100/1098/133695/1098-133695-0057.flac,LibriSpeech/train-clean-100/1098/133695/1098-133695-0057.pt
LibriSpeech/train-clean-100/1098/133695/1098-133695-0058.flac,LibriSpeech/train-clean-100/1098/133695/1098-133695-0058.pt
LibriSpeech/train-clean-100/1098/133695/1098-133695-0059.flac,LibriSpeech/train-clean-100/1098/133695/1098-133695-0059.pt
LibriSpeech/train-clean-100/1098/133695/1098-133695-0060.flac,LibriSpeech/train-clean-100/1098/133695/1098-133695-0060.pt
LibriSpeech/train-clean-100/1098/133695/1098-133695-0061.flac,LibriSpeech/train-clean-100/1098/133695/1098-133695-0061.pt
LibriSpeech/train-clean-100/1098/133695/1098-133695-0062.flac,LibriSpeech/train-clean-100/1098/133695/1098-133695-0062.pt
LibriSpeech/train-clean-100/1098/133695/1098-133695-0063.flac,LibriSpeech/train-clean-100/1098/133695/1098-133695-0063.pt
LibriSpeech/train-clean-100/1098/133695/1098-133695-0064.flac,LibriSpeech/train-clean-100/1098/133695/1098-133695-0064.pt
LibriSpeech/train-clean-100/1098/133695/1098-133695-0065.flac,LibriSpeech/train-clean-100/1098/133695/1098-133695-0065.pt
LibriSpeech/train-clean-100/1098/133695/1098-133695-0066.flac,LibriSpeech/train-clean-100/1098/133695/1098-133695-0066.pt
LibriSpeech/train-clean-100/1098/133695/1098-133695-0067.flac,LibriSpeech/train-clean-100/1098/133695/1098-133695-0067.pt
LibriSpeech/train-clean-100/1098/133695/1098-133695-0068.flac,LibriSpeech/train-clean-100/1098/133695/1098-133695-0068.pt
LibriSpeech/train-clean-100/1098/133695/1098-133695-0069.flac,LibriSpeech/train-clean-100/1098/133695/1098-133695-0069.pt
LibriSpeech/train-clean-100/1098/133695/1098-133695-0070.flac,LibriSpeech/train-clean-100/1098/133695/1098-133695-0070.pt
LibriSpeech/train-clean-100/1098/133695/1098-133695-0071.flac,LibriSpeech/train-clean-100/1098/133695/1098-133695-0071.pt
LibriSpeech/train-clean-100/1098/133695/1098-133695-0072.flac,LibriSpeech/train-clean-100/1098/133695/1098-133695-0072.pt
LibriSpeech/train-clean-100/1098/133695/1098-133695-0073.flac,LibriSpeech/train-clean-100/1098/133695/1098-133695-0073.pt
LibriSpeech/train-clean-100/1098/133695/1098-133695-0074.flac,LibriSpeech/train-clean-100/1098/133695/1098-133695-0074.pt
LibriSpeech/train-clean-100/1098/133695/1098-133695-0075.flac,LibriSpeech/train-clean-100/1098/133695/1098-133695-0075.pt
LibriSpeech/train-clean-100/1098/133695/1098-133695-0076.flac,LibriSpeech/train-clean-100/1098/133695/1098-133695-0076.pt
LibriSpeech/train-clean-100/1098/133695/1098-133695-0077.flac,LibriSpeech/train-clean-100/1098/133695/1098-133695-0077.pt
LibriSpeech/train-clean-100/1098/133695/1098-133695-0078.flac,LibriSpeech/train-clean-100/1098/133695/1098-133695-0078.pt
LibriSpeech/train-clean-100/1098/133695/1098-133695-0079.flac,LibriSpeech/train-clean-100/1098/133695/1098-133695-0079.pt
LibriSpeech/train-clean-100/1098/133695/1098-133695-0080.flac,LibriSpeech/train-clean-100/1098/133695/1098-133695-0080.pt
LibriSpeech/train-clean-100/1098/133695/1098-133695-0081.flac,LibriSpeech/train-clean-100/1098/133695/1098-133695-0081.pt
LibriSpeech/train-clean-100/1098/133695/1098-133695-0082.flac,LibriSpeech/train-clean-100/1098/133695/1098-133695-0082.pt
LibriSpeech/train-clean-100/1098/133695/1098-133695-0083.flac,LibriSpeech/train-clean-100/1098/133695/1098-133695-0083.pt
LibriSpeech/train-clean-100/1098/133695/1098-133695-0084.flac,LibriSpeech/train-clean-100/1098/133695/1098-133695-0084.pt
LibriSpeech/train-clean-100/1098/133695/1098-133695-0085.flac,LibriSpeech/train-clean-100/1098/133695/1098-133695-0085.pt
LibriSpeech/train-clean-100/1098/133695/1098-133695-0086.flac,LibriSpeech/train-clean-100/1098/133695/1098-133695-0086.pt
LibriSpeech/train-clean-100/1098/133695/1098-133695-0087.flac,LibriSpeech/train-clean-100/1098/133695/1098-133695-0087.pt
LibriSpeech/train-clean-100/1098/133695/1098-133695-0088.flac,LibriSpeech/train-clean-100/1098/133695/1098-133695-0088.pt
LibriSpeech/train-clean-100/1098/133695/1098-133695-0089.flac,LibriSpeech/train-clean-100/1098/133695/1098-133695-0089.pt
LibriSpeech/train-clean-100/1098/133695/1098-133695-0090.flac,LibriSpeech/train-clean-100/1098/133695/1098-133695-0090.pt
LibriSpeech/train-clean-100/1098/133695/1098-133695-0091.flac,LibriSpeech/train-clean-100/1098/133695/1098-133695-0091.pt
LibriSpeech/train-clean-100/1116/132847/1116-132847-0000.flac,LibriSpeech/train-clean-100/1116/132847/1116-132847-0000.pt
LibriSpeech/train-clean-100/1116/132847/1116-132847-0001.flac,LibriSpeech/train-clean-100/1116/132847/1116-132847-0001.pt
LibriSpeech/train-clean-100/1116/132847/1116-132847-0002.flac,LibriSpeech/train-clean-100/1116/132847/1116-132847-0002.pt
LibriSpeech/train-clean-100/1116/132847/1116-132847-0003.flac,LibriSpeech/train-clean-100/1116/132847/1116-132847-0003.pt
LibriSpeech/train-clean-100/1116/132847/1116-132847-0004.flac,LibriSpeech/train-clean-100/1116/132847/1116-132847-0004.pt
LibriSpeech/train-clean-100/1116/132847/1116-132847-0005.flac,LibriSpeech/train-clean-100/1116/132847/1116-132847-0005.pt
LibriSpeech/train-clean-100/1116/132847/1116-132847-0006.flac,LibriSpeech/train-clean-100/1116/132847/1116-132847-0006.pt
LibriSpeech/train-clean-100/1116/132847/1116-132847-0007.flac,LibriSpeech/train-clean-100/1116/132847/1116-132847-0007.pt
LibriSpeech/train-clean-100/1116/132847/1116-132847-0008.flac,LibriSpeech/train-clean-100/1116/132847/1116-132847-0008.pt
LibriSpeech/train-clean-100/1116/132847/1116-132847-0009.flac,LibriSpeech/train-clean-100/1116/132847/1116-132847-0009.pt
LibriSpeech/train-clean-100/1116/132847/1116-132847-0010.flac,LibriSpeech/train-clean-100/1116/132847/1116-132847-0010.pt
LibriSpeech/train-clean-100/1116/132847/1116-132847-0011.flac,LibriSpeech/train-clean-100/1116/132847/1116-132847-0011.pt
LibriSpeech/train-clean-100/1116/132847/1116-132847-0012.flac,LibriSpeech/train-clean-100/1116/132847/1116-132847-0012.pt
LibriSpeech/train-clean-100/1116/132847/1116-132847-0013.flac,LibriSpeech/train-clean-100/1116/132847/1116-132847-0013.pt
LibriSpeech/train-clean-100/1116/132847/1116-132847-0014.flac,LibriSpeech/train-clean-100/1116/132847/1116-132847-0014.pt
LibriSpeech/train-clean-100/1116/132847/1116-132847-0015.flac,LibriSpeech/train-clean-100/1116/132847/1116-132847-0015.pt
LibriSpeech/train-clean-100/1116/132847/1116-132847-0016.flac,LibriSpeech/train-clean-100/1116/132847/1116-132847-0016.pt
LibriSpeech/train-clean-100/1116/132847/1116-132847-0017.flac,LibriSpeech/train-clean-100/1116/132847/1116-132847-0017.pt
LibriSpeech/train-clean-100/1116/132847/1116-132847-0018.flac,LibriSpeech/train-clean-100/1116/132847/1116-132847-0018.pt
LibriSpeech/train-clean-100/1116/132847/1116-132847-0019.flac,LibriSpeech/train-clean-100/1116/132847/1116-132847-0019.pt
LibriSpeech/train-clean-100/1116/132847/1116-132847-0020.flac,LibriSpeech/train-clean-100/1116/132847/1116-132847-0020.pt
LibriSpeech/train-clean-100/1116/132847/1116-132847-0021.flac,LibriSpeech/train-clean-100/1116/132847/1116-132847-0021.pt
LibriSpeech/train-clean-100/1116/132847/1116-132847-0022.flac,LibriSpeech/train-clean-100/1116/132847/1116-132847-0022.pt
LibriSpeech/train-clean-100/1116/132847/1116-132847-0023.flac,LibriSpeech/train-clean-100/1116/132847/1116-132847-0023.pt
LibriSpeech/train-clean-100/1116/132847/1116-132847-0024.flac,LibriSpeech/train-clean-100/1116/132847/1116-132847-0024.pt
LibriSpeech/train-clean-100/1116/132847/1116-132847-0025.flac,LibriSpeech/train-clean-100/1116/132847/1116-132847-0025.pt
LibriSpeech/train-clean-100/1116/132847/1116-132847-0026.flac,LibriSpeech/train-clean-100/1116/132847/1116-132847-0026.pt
LibriSpeech/train-clean-100/1116/132847/1116-132847-0027.flac,LibriSpeech/train-clean-100/1116/132847/1116-132847-0027.pt
LibriSpeech/train-clean-100/1116/132847/1116-132847-0028.flac,LibriSpeech/train-clean-100/1116/132847/1116-132847-0028.pt
LibriSpeech/train-clean-100/1116/132847/1116-132847-0029.flac,LibriSpeech/train-clean-100/1116/132847/1116-132847-0029.pt
LibriSpeech/train-clean-100/1116/132847/1116-132847-0030.flac,LibriSpeech/train-clean-100/1116/132847/1116-132847-0030.pt
LibriSpeech/train-clean-100/1116/132847/1116-132847-0031.flac,LibriSpeech/train-clean-100/1116/132847/1116-132847-0031.pt
LibriSpeech/train-clean-100/1116/132847/1116-132847-0032.flac,LibriSpeech/train-clean-100/1116/132847/1116-132847-0032.pt
LibriSpeech/train-clean-100/1116/132847/1116-132847-0033.flac,LibriSpeech/train-clean-100/1116/132847/1116-132847-0033.pt
LibriSpeech/train-clean-100/1116/132847/1116-132847-0034.flac,LibriSpeech/train-clean-100/1116/132847/1116-132847-0034.pt
LibriSpeech/train-clean-100/1116/132847/1116-132847-0035.flac,LibriSpeech/train-clean-100/1116/132847/1116-132847-0035.pt
LibriSpeech/train-clean-100/1116/132847/1116-132847-0036.flac,LibriSpeech/train-clean-100/1116/132847/1116-132847-0036.pt
LibriSpeech/train-clean-100/1116/132847/1116-132847-0037.flac,LibriSpeech/train-clean-100/1116/132847/1116-132847-0037.pt
LibriSpeech/train-clean-100/1116/132847/1116-132847-0038.flac,LibriSpeech/train-clean-100/1116/132847/1116-132847-0038.pt
LibriSpeech/train-clean-100/1116/132847/1116-132847-0039.flac,LibriSpeech/train-clean-100/1116/132847/1116-132847-0039.pt
LibriSpeech/train-clean-100/1116/132847/1116-132847-0040.flac,LibriSpeech/train-clean-100/1116/132847/1116-132847-0040.pt
LibriSpeech/train-clean-100/1116/132851/1116-132851-0000.flac,LibriSpeech/train-clean-100/1116/132851/1116-132851-0000.pt
LibriSpeech/train-clean-100/1116/132851/1116-132851-0001.flac,LibriSpeech/train-clean-100/1116/132851/1116-132851-0001.pt
LibriSpeech/train-clean-100/1116/132851/1116-132851-0002.flac,LibriSpeech/train-clean-100/1116/132851/1116-132851-0002.pt
LibriSpeech/train-clean-100/1116/132851/1116-132851-0003.flac,LibriSpeech/train-clean-100/1116/132851/1116-132851-0003.pt
LibriSpeech/train-clean-100/1116/132851/1116-132851-0004.flac,LibriSpeech/train-clean-100/1116/132851/1116-132851-0004.pt
LibriSpeech/train-clean-100/1116/132851/1116-132851-0005.flac,LibriSpeech/train-clean-100/1116/132851/1116-132851-0005.pt
LibriSpeech/train-clean-100/1116/132851/1116-132851-0006.flac,LibriSpeech/train-clean-100/1116/132851/1116-132851-0006.pt
LibriSpeech/train-clean-100/1116/132851/1116-132851-0007.flac,LibriSpeech/train-clean-100/1116/132851/1116-132851-0007.pt
LibriSpeech/train-clean-100/1116/132851/1116-132851-0008.flac,LibriSpeech/train-clean-100/1116/132851/1116-132851-0008.pt
LibriSpeech/train-clean-100/1116/132851/1116-132851-0009.flac,LibriSpeech/train-clean-100/1116/132851/1116-132851-0009.pt
LibriSpeech/train-clean-100/1116/132851/1116-132851-0010.flac,LibriSpeech/train-clean-100/1116/132851/1116-132851-0010.pt
LibriSpeech/train-clean-100/1116/132851/1116-132851-0011.flac,LibriSpeech/train-clean-100/1116/132851/1116-132851-0011.pt
LibriSpeech/train-clean-100/1116/132851/1116-132851-0012.flac,LibriSpeech/train-clean-100/1116/132851/1116-132851-0012.pt
LibriSpeech/train-clean-100/1116/132851/1116-132851-0013.flac,LibriSpeech/train-clean-100/1116/132851/1116-132851-0013.pt
LibriSpeech/train-clean-100/1116/132851/1116-132851-0014.flac,LibriSpeech/train-clean-100/1116/132851/1116-132851-0014.pt
LibriSpeech/train-clean-100/1116/132851/1116-132851-0015.flac,LibriSpeech/train-clean-100/1116/132851/1116-132851-0015.pt
LibriSpeech/train-clean-100/1116/132851/1116-132851-0016.flac,LibriSpeech/train-clean-100/1116/132851/1116-132851-0016.pt
LibriSpeech/train-clean-100/1116/132851/1116-132851-0017.flac,LibriSpeech/train-clean-100/1116/132851/1116-132851-0017.pt
LibriSpeech/train-clean-100/1116/132851/1116-132851-0018.flac,LibriSpeech/train-clean-100/1116/132851/1116-132851-0018.pt
LibriSpeech/train-clean-100/1116/132851/1116-132851-0019.flac,LibriSpeech/train-clean-100/1116/132851/1116-132851-0019.pt
LibriSpeech/train-clean-100/1116/132851/1116-132851-0020.flac,LibriSpeech/train-clean-100/1116/132851/1116-132851-0020.pt
LibriSpeech/train-clean-100/1116/132851/1116-132851-0021.flac,LibriSpeech/train-clean-100/1116/132851/1116-132851-0021.pt
LibriSpeech/train-clean-100/1116/132851/1116-132851-0022.flac,LibriSpeech/train-clean-100/1116/132851/1116-132851-0022.pt
LibriSpeech/train-clean-100/1116/132851/1116-132851-0023.flac,LibriSpeech/train-clean-100/1116/132851/1116-132851-0023.pt
LibriSpeech/train-clean-100/1116/132851/1116-132851-0024.flac,LibriSpeech/train-clean-100/1116/132851/1116-132851-0024.pt
LibriSpeech/train-clean-100/1116/132851/1116-132851-0025.flac,LibriSpeech/train-clean-100/1116/132851/1116-132851-0025.pt
LibriSpeech/train-clean-100/1116/132851/1116-132851-0026.flac,LibriSpeech/train-clean-100/1116/132851/1116-132851-0026.pt
LibriSpeech/train-clean-100/1116/132851/1116-132851-0027.flac,LibriSpeech/train-clean-100/1116/132851/1116-132851-0027.pt
LibriSpeech/train-clean-100/1116/132851/1116-132851-0028.flac,LibriSpeech/train-clean-100/1116/132851/1116-132851-0028.pt
LibriSpeech/train-clean-100/1116/137572/1116-137572-0000.flac,LibriSpeech/train-clean-100/1116/137572/1116-137572-0000.pt
LibriSpeech/train-clean-100/1116/137572/1116-137572-0001.flac,LibriSpeech/train-clean-100/1116/137572/1116-137572-0001.pt
LibriSpeech/train-clean-100/1116/137572/1116-137572-0002.flac,LibriSpeech/train-clean-100/1116/137572/1116-137572-0002.pt
LibriSpeech/train-clean-100/1116/137572/1116-137572-0003.flac,LibriSpeech/train-clean-100/1116/137572/1116-137572-0003.pt
LibriSpeech/train-clean-100/1116/137572/1116-137572-0004.flac,LibriSpeech/train-clean-100/1116/137572/1116-137572-0004.pt
LibriSpeech/train-clean-100/1116/137572/1116-137572-0005.flac,LibriSpeech/train-clean-100/1116/137572/1116-137572-0005.pt
LibriSpeech/train-clean-100/1116/137572/1116-137572-0006.flac,LibriSpeech/train-clean-100/1116/137572/1116-137572-0006.pt
LibriSpeech/train-clean-100/1116/137572/1116-137572-0007.flac,LibriSpeech/train-clean-100/1116/137572/1116-137572-0007.pt
LibriSpeech/train-clean-100/1116/137572/1116-137572-0008.flac,LibriSpeech/train-clean-100/1116/137572/1116-137572-0008.pt
LibriSpeech/train-clean-100/1116/137572/1116-137572-0009.flac,LibriSpeech/train-clean-100/1116/137572/1116-137572-0009.pt
LibriSpeech/train-clean-100/1116/137572/1116-137572-0010.flac,LibriSpeech/train-clean-100/1116/137572/1116-137572-0010.pt
LibriSpeech/train-clean-100/1116/137572/1116-137572-0011.flac,LibriSpeech/train-clean-100/1116/137572/1116-137572-0011.pt
LibriSpeech/train-clean-100/1116/137572/1116-137572-0012.flac,LibriSpeech/train-clean-100/1116/137572/1116-137572-0012.pt
LibriSpeech/train-clean-100/1116/137572/1116-137572-0013.flac,LibriSpeech/train-clean-100/1116/137572/1116-137572-0013.pt
LibriSpeech/train-clean-100/1116/137572/1116-137572-0014.flac,LibriSpeech/train-clean-100/1116/137572/1116-137572-0014.pt
LibriSpeech/train-clean-100/1116/137572/1116-137572-0015.flac,LibriSpeech/train-clean-100/1116/137572/1116-137572-0015.pt
LibriSpeech/train-clean-100/1116/137572/1116-137572-0016.flac,LibriSpeech/train-clean-100/1116/137572/1116-137572-0016.pt
LibriSpeech/train-clean-100/1116/137572/1116-137572-0017.flac,LibriSpeech/train-clean-100/1116/137572/1116-137572-0017.pt
LibriSpeech/train-clean-100/1116/137572/1116-137572-0018.flac,LibriSpeech/train-clean-100/1116/137572/1116-137572-0018.pt
LibriSpeech/train-clean-100/1116/137572/1116-137572-0019.flac,LibriSpeech/train-clean-100/1116/137572/1116-137572-0019.pt
LibriSpeech/train-clean-100/1116/137572/1116-137572-0020.flac,LibriSpeech/train-clean-100/1116/137572/1116-137572-0020.pt
LibriSpeech/train-clean-100/1116/137572/1116-137572-0021.flac,LibriSpeech/train-clean-100/1116/137572/1116-137572-0021.pt
LibriSpeech/train-clean-100/1116/137572/1116-137572-0022.flac,LibriSpeech/train-clean-100/1116/137572/1116-137572-0022.pt
LibriSpeech/train-clean-100/1116/137572/1116-137572-0023.flac,LibriSpeech/train-clean-100/1116/137572/1116-137572-0023.pt
LibriSpeech/train-clean-100/1116/137572/1116-137572-0024.flac,LibriSpeech/train-clean-100/1116/137572/1116-137572-0024.pt
LibriSpeech/train-clean-100/1116/137572/1116-137572-0025.flac,LibriSpeech/train-clean-100/1116/137572/1116-137572-0025.pt
LibriSpeech/train-clean-100/1116/137572/1116-137572-0026.flac,LibriSpeech/train-clean-100/1116/137572/1116-137572-0026.pt
LibriSpeech/train-clean-100/1116/137572/1116-137572-0027.flac,LibriSpeech/train-clean-100/1116/137572/1116-137572-0027.pt
LibriSpeech/train-clean-100/1116/137572/1116-137572-0028.flac,LibriSpeech/train-clean-100/1116/137572/1116-137572-0028.pt
LibriSpeech/train-clean-100/1116/137572/1116-137572-0029.flac,LibriSpeech/train-clean-100/1116/137572/1116-137572-0029.pt
LibriSpeech/train-clean-100/1116/137572/1116-137572-0030.flac,LibriSpeech/train-clean-100/1116/137572/1116-137572-0030.pt
LibriSpeech/train-clean-100/1116/137572/1116-137572-0031.flac,LibriSpeech/train-clean-100/1116/137572/1116-137572-0031.pt
LibriSpeech/train-clean-100/1116/137572/1116-137572-0032.flac,LibriSpeech/train-clean-100/1116/137572/1116-137572-0032.pt
LibriSpeech/train-clean-100/1116/137572/1116-137572-0033.flac,LibriSpeech/train-clean-100/1116/137572/1116-137572-0033.pt
LibriSpeech/train-clean-100/1116/137572/1116-137572-0034.flac,LibriSpeech/train-clean-100/1116/137572/1116-137572-0034.pt
LibriSpeech/train-clean-100/1116/137572/1116-137572-0035.flac,LibriSpeech/train-clean-100/1116/137572/1116-137572-0035.pt
LibriSpeech/train-clean-100/1116/137572/1116-137572-0036.flac,LibriSpeech/train-clean-100/1116/137572/1116-137572-0036.pt
LibriSpeech/train-clean-100/1116/137572/1116-137572-0037.flac,LibriSpeech/train-clean-100/1116/137572/1116-137572-0037.pt
LibriSpeech/train-clean-100/1116/137572/1116-137572-0038.flac,LibriSpeech/train-clean-100/1116/137572/1116-137572-0038.pt
LibriSpeech/train-clean-100/1116/137572/1116-137572-0039.flac,LibriSpeech/train-clean-100/1116/137572/1116-137572-0039.pt
LibriSpeech/train-clean-100/1116/137572/1116-137572-0040.flac,LibriSpeech/train-clean-100/1116/137572/1116-137572-0040.pt
LibriSpeech/train-clean-100/1116/137572/1116-137572-0041.flac,LibriSpeech/train-clean-100/1116/137572/1116-137572-0041.pt
LibriSpeech/train-clean-100/1116/137572/1116-137572-0042.flac,LibriSpeech/train-clean-100/1116/137572/1116-137572-0042.pt
LibriSpeech/train-clean-100/1116/137572/1116-137572-0043.flac,LibriSpeech/train-clean-100/1116/137572/1116-137572-0043.pt
LibriSpeech/train-clean-100/1116/137572/1116-137572-0044.flac,LibriSpeech/train-clean-100/1116/137572/1116-137572-0044.pt
LibriSpeech/train-clean-100/1116/137572/1116-137572-0045.flac,LibriSpeech/train-clean-100/1116/137572/1116-137572-0045.pt
LibriSpeech/train-clean-100/1116/137572/1116-137572-0046.flac,LibriSpeech/train-clean-100/1116/137572/1116-137572-0046.pt
LibriSpeech/train-clean-100/1116/137572/1116-137572-0047.flac,LibriSpeech/train-clean-100/1116/137572/1116-137572-0047.pt
LibriSpeech/train-clean-100/1116/137572/1116-137572-0048.flac,LibriSpeech/train-clean-100/1116/137572/1116-137572-0048.pt
LibriSpeech/train-clean-100/1116/137572/1116-137572-0049.flac,LibriSpeech/train-clean-100/1116/137572/1116-137572-0049.pt
LibriSpeech/train-clean-100/1116/137572/1116-137572-0050.flac,LibriSpeech/train-clean-100/1116/137572/1116-137572-0050.pt
LibriSpeech/train-clean-100/1116/137572/1116-137572-0051.flac,LibriSpeech/train-clean-100/1116/137572/1116-137572-0051.pt
LibriSpeech/train-clean-100/1116/137572/1116-137572-0052.flac,LibriSpeech/train-clean-100/1116/137572/1116-137572-0052.pt
LibriSpeech/train-clean-100/1116/137572/1116-137572-0053.flac,LibriSpeech/train-clean-100/1116/137572/1116-137572-0053.pt
LibriSpeech/train-clean-100/1116/137572/1116-137572-0054.flac,LibriSpeech/train-clean-100/1116/137572/1116-137572-0054.pt
LibriSpeech/train-clean-100/1116/137572/1116-137572-0055.flac,LibriSpeech/train-clean-100/1116/137572/1116-137572-0055.pt
LibriSpeech/train-clean-100/118/121721/118-121721-0000.flac,LibriSpeech/train-clean-100/118/121721/118-121721-0000.pt
LibriSpeech/train-clean-100/118/121721/118-121721-0001.flac,LibriSpeech/train-clean-100/118/121721/118-121721-0001.pt
LibriSpeech/train-clean-100/118/121721/118-121721-0002.flac,LibriSpeech/train-clean-100/118/121721/118-121721-0002.pt
LibriSpeech/train-clean-100/118/121721/118-121721-0003.flac,LibriSpeech/train-clean-100/118/121721/118-121721-0003.pt
LibriSpeech/train-clean-100/118/121721/118-121721-0004.flac,LibriSpeech/train-clean-100/118/121721/118-121721-0004.pt
LibriSpeech/train-clean-100/118/121721/118-121721-0005.flac,LibriSpeech/train-clean-100/118/121721/118-121721-0005.pt
LibriSpeech/train-clean-100/118/121721/118-121721-0006.flac,LibriSpeech/train-clean-100/118/121721/118-121721-0006.pt
LibriSpeech/train-clean-100/118/121721/118-121721-0007.flac,LibriSpeech/train-clean-100/118/121721/118-121721-0007.pt
LibriSpeech/train-clean-100/118/121721/118-121721-0008.flac,LibriSpeech/train-clean-100/118/121721/118-121721-0008.pt
LibriSpeech/train-clean-100/118/121721/118-121721-0009.flac,LibriSpeech/train-clean-100/118/121721/118-121721-0009.pt
LibriSpeech/train-clean-100/118/121721/118-121721-0010.flac,LibriSpeech/train-clean-100/118/121721/118-121721-0010.pt
LibriSpeech/train-clean-100/118/121721/118-121721-0011.flac,LibriSpeech/train-clean-100/118/121721/118-121721-0011.pt
LibriSpeech/train-clean-100/118/121721/118-121721-0012.flac,LibriSpeech/train-clean-100/118/121721/118-121721-0012.pt
LibriSpeech/train-clean-100/118/121721/118-121721-0013.flac,LibriSpeech/train-clean-100/118/121721/118-121721-0013.pt
LibriSpeech/train-clean-100/118/121721/118-121721-0014.flac,LibriSpeech/train-clean-100/118/121721/118-121721-0014.pt
LibriSpeech/train-clean-100/118/121721/118-121721-0015.flac,LibriSpeech/train-clean-100/118/121721/118-121721-0015.pt
LibriSpeech/train-clean-100/118/121721/118-121721-0016.flac,LibriSpeech/train-clean-100/118/121721/118-121721-0016.pt
LibriSpeech/train-clean-100/118/121721/118-121721-0017.flac,LibriSpeech/train-clean-100/118/121721/118-121721-0017.pt
LibriSpeech/train-clean-100/118/121721/118-121721-0018.flac,LibriSpeech/train-clean-100/118/121721/118-121721-0018.pt
LibriSpeech/train-clean-100/118/121721/118-121721-0019.flac,LibriSpeech/train-clean-100/118/121721/118-121721-0019.pt
LibriSpeech/train-clean-100/118/121721/118-121721-0020.flac,LibriSpeech/train-clean-100/118/121721/118-121721-0020.pt
LibriSpeech/train-clean-100/118/121721/118-121721-0021.flac,LibriSpeech/train-clean-100/118/121721/118-121721-0021.pt
LibriSpeech/train-clean-100/118/121721/118-121721-0022.flac,LibriSpeech/train-clean-100/118/121721/118-121721-0022.pt
LibriSpeech/train-clean-100/118/121721/118-121721-0023.flac,LibriSpeech/train-clean-100/118/121721/118-121721-0023.pt
LibriSpeech/train-clean-100/118/121721/118-121721-0024.flac,LibriSpeech/train-clean-100/118/121721/118-121721-0024.pt
LibriSpeech/train-clean-100/118/121721/118-121721-0025.flac,LibriSpeech/train-clean-100/118/121721/118-121721-0025.pt
LibriSpeech/train-clean-100/118/121721/118-121721-0026.flac,LibriSpeech/train-clean-100/118/121721/118-121721-0026.pt
LibriSpeech/train-clean-100/118/121721/118-121721-0027.flac,LibriSpeech/train-clean-100/118/121721/118-121721-0027.pt
LibriSpeech/train-clean-100/118/124588/118-124588-0000.flac,LibriSpeech/train-clean-100/118/124588/118-124588-0000.pt
LibriSpeech/train-clean-100/118/124588/118-124588-0001.flac,LibriSpeech/train-clean-100/118/124588/118-124588-0001.pt
LibriSpeech/train-clean-100/118/124588/118-124588-0002.flac,LibriSpeech/train-clean-100/118/124588/118-124588-0002.pt
LibriSpeech/train-clean-100/118/124588/118-124588-0003.flac,LibriSpeech/train-clean-100/118/124588/118-124588-0003.pt
LibriSpeech/train-clean-100/118/124588/118-124588-0004.flac,LibriSpeech/train-clean-100/118/124588/118-124588-0004.pt
LibriSpeech/train-clean-100/118/124588/118-124588-0005.flac,LibriSpeech/train-clean-100/118/124588/118-124588-0005.pt
LibriSpeech/train-clean-100/118/124588/118-124588-0006.flac,LibriSpeech/train-clean-100/118/124588/118-124588-0006.pt
LibriSpeech/train-clean-100/118/124588/118-124588-0007.flac,LibriSpeech/train-clean-100/118/124588/118-124588-0007.pt
LibriSpeech/train-clean-100/118/124588/118-124588-0008.flac,LibriSpeech/train-clean-100/118/124588/118-124588-0008.pt
LibriSpeech/train-clean-100/118/124588/118-124588-0009.flac,LibriSpeech/train-clean-100/118/124588/118-124588-0009.pt
LibriSpeech/train-clean-100/118/124588/118-124588-0010.flac,LibriSpeech/train-clean-100/118/124588/118-124588-0010.pt
LibriSpeech/train-clean-100/118/124588/118-124588-0011.flac,LibriSpeech/train-clean-100/118/124588/118-124588-0011.pt
LibriSpeech/train-clean-100/118/124588/118-124588-0012.flac,LibriSpeech/train-clean-100/118/124588/118-124588-0012.pt
LibriSpeech/train-clean-100/118/124588/118-124588-0013.flac,LibriSpeech/train-clean-100/118/124588/118-124588-0013.pt
LibriSpeech/train-clean-100/118/124588/118-124588-0014.flac,LibriSpeech/train-clean-100/118/124588/118-124588-0014.pt
LibriSpeech/train-clean-100/118/124588/118-124588-0015.flac,LibriSpeech/train-clean-100/118/124588/118-124588-0015.pt
LibriSpeech/train-clean-100/118/124588/118-124588-0016.flac,LibriSpeech/train-clean-100/118/124588/118-124588-0016.pt
LibriSpeech/train-clean-100/118/124588/118-124588-0017.flac,LibriSpeech/train-clean-100/118/124588/118-124588-0017.pt
LibriSpeech/train-clean-100/118/124588/118-124588-0018.flac,LibriSpeech/train-clean-100/118/124588/118-124588-0018.pt
LibriSpeech/train-clean-100/118/124588/118-124588-0019.flac,LibriSpeech/train-clean-100/118/124588/118-124588-0019.pt
LibriSpeech/train-clean-100/118/124588/118-124588-0020.flac,LibriSpeech/train-clean-100/118/124588/118-124588-0020.pt
LibriSpeech/train-clean-100/118/124588/118-124588-0021.flac,LibriSpeech/train-clean-100/118/124588/118-124588-0021.pt
LibriSpeech/train-clean-100/118/47824/118-47824-0000.flac,LibriSpeech/train-clean-100/118/47824/118-47824-0000.pt
LibriSpeech/train-clean-100/118/47824/118-47824-0001.flac,LibriSpeech/train-clean-100/118/47824/118-47824-0001.pt
LibriSpeech/train-clean-100/118/47824/118-47824-0002.flac,LibriSpeech/train-clean-100/118/47824/118-47824-0002.pt
LibriSpeech/train-clean-100/118/47824/118-47824-0003.flac,LibriSpeech/train-clean-100/118/47824/118-47824-0003.pt
LibriSpeech/train-clean-100/118/47824/118-47824-0004.flac,LibriSpeech/train-clean-100/118/47824/118-47824-0004.pt
LibriSpeech/train-clean-100/118/47824/118-47824-0005.flac,LibriSpeech/train-clean-100/118/47824/118-47824-0005.pt
LibriSpeech/train-clean-100/118/47824/118-47824-0006.flac,LibriSpeech/train-clean-100/118/47824/118-47824-0006.pt
LibriSpeech/train-clean-100/118/47824/118-47824-0007.flac,LibriSpeech/train-clean-100/118/47824/118-47824-0007.pt
LibriSpeech/train-clean-100/118/47824/118-47824-0008.flac,LibriSpeech/train-clean-100/118/47824/118-47824-0008.pt
LibriSpeech/train-clean-100/118/47824/118-47824-0009.flac,LibriSpeech/train-clean-100/118/47824/118-47824-0009.pt
LibriSpeech/train-clean-100/118/47824/118-47824-0010.flac,LibriSpeech/train-clean-100/118/47824/118-47824-0010.pt
LibriSpeech/train-clean-100/118/47824/118-47824-0011.flac,LibriSpeech/train-clean-100/118/47824/118-47824-0011.pt
LibriSpeech/train-clean-100/118/47824/118-47824-0012.flac,LibriSpeech/train-clean-100/118/47824/118-47824-0012.pt
LibriSpeech/train-clean-100/118/47824/118-47824-0013.flac,LibriSpeech/train-clean-100/118/47824/118-47824-0013.pt
LibriSpeech/train-clean-100/118/47824/118-47824-0014.flac,LibriSpeech/train-clean-100/118/47824/118-47824-0014.pt
LibriSpeech/train-clean-100/118/47824/118-47824-0015.flac,LibriSpeech/train-clean-100/118/47824/118-47824-0015.pt
LibriSpeech/train-clean-100/118/47824/118-47824-0016.flac,LibriSpeech/train-clean-100/118/47824/118-47824-0016.pt
LibriSpeech/train-clean-100/118/47824/118-47824-0017.flac,LibriSpeech/train-clean-100/118/47824/118-47824-0017.pt
LibriSpeech/train-clean-100/118/47824/118-47824-0018.flac,LibriSpeech/train-clean-100/118/47824/118-47824-0018.pt
LibriSpeech/train-clean-100/118/47824/118-47824-0019.flac,LibriSpeech/train-clean-100/118/47824/118-47824-0019.pt
LibriSpeech/train-clean-100/118/47824/118-47824-0020.flac,LibriSpeech/train-clean-100/118/47824/118-47824-0020.pt
LibriSpeech/train-clean-100/118/47824/118-47824-0021.flac,LibriSpeech/train-clean-100/118/47824/118-47824-0021.pt
LibriSpeech/train-clean-100/118/47824/118-47824-0022.flac,LibriSpeech/train-clean-100/118/47824/118-47824-0022.pt
LibriSpeech/train-clean-100/118/47824/118-47824-0023.flac,LibriSpeech/train-clean-100/118/47824/118-47824-0023.pt
LibriSpeech/train-clean-100/118/47824/118-47824-0024.flac,LibriSpeech/train-clean-100/118/47824/118-47824-0024.pt
LibriSpeech/train-clean-100/118/47824/118-47824-0025.flac,LibriSpeech/train-clean-100/118/47824/118-47824-0025.pt
LibriSpeech/train-clean-100/118/47824/118-47824-0026.flac,LibriSpeech/train-clean-100/118/47824/118-47824-0026.pt
LibriSpeech/train-clean-100/118/47824/118-47824-0027.flac,LibriSpeech/train-clean-100/118/47824/118-47824-0027.pt
LibriSpeech/train-clean-100/118/47824/118-47824-0028.flac,LibriSpeech/train-clean-100/118/47824/118-47824-0028.pt
LibriSpeech/train-clean-100/118/47824/118-47824-0029.flac,LibriSpeech/train-clean-100/118/47824/118-47824-0029.pt
LibriSpeech/train-clean-100/118/47824/118-47824-0030.flac,LibriSpeech/train-clean-100/118/47824/118-47824-0030.pt
LibriSpeech/train-clean-100/118/47824/118-47824-0031.flac,LibriSpeech/train-clean-100/118/47824/118-47824-0031.pt
LibriSpeech/train-clean-100/118/47824/118-47824-0032.flac,LibriSpeech/train-clean-100/118/47824/118-47824-0032.pt
LibriSpeech/train-clean-100/118/47824/118-47824-0033.flac,LibriSpeech/train-clean-100/118/47824/118-47824-0033.pt
LibriSpeech/train-clean-100/118/47824/118-47824-0034.flac,LibriSpeech/train-clean-100/118/47824/118-47824-0034.pt
LibriSpeech/train-clean-100/118/47824/118-47824-0035.flac,LibriSpeech/train-clean-100/118/47824/118-47824-0035.pt
LibriSpeech/train-clean-100/118/47824/118-47824-0036.flac,LibriSpeech/train-clean-100/118/47824/118-47824-0036.pt
LibriSpeech/train-clean-100/118/47824/118-47824-0037.flac,LibriSpeech/train-clean-100/118/47824/118-47824-0037.pt
LibriSpeech/train-clean-100/118/47824/118-47824-0038.flac,LibriSpeech/train-clean-100/118/47824/118-47824-0038.pt
LibriSpeech/train-clean-100/118/47824/118-47824-0039.flac,LibriSpeech/train-clean-100/118/47824/118-47824-0039.pt
LibriSpeech/train-clean-100/118/47824/118-47824-0040.flac,LibriSpeech/train-clean-100/118/47824/118-47824-0040.pt
LibriSpeech/train-clean-100/118/47824/118-47824-0041.flac,LibriSpeech/train-clean-100/118/47824/118-47824-0041.pt
LibriSpeech/train-clean-100/118/47824/118-47824-0042.flac,LibriSpeech/train-clean-100/118/47824/118-47824-0042.pt
LibriSpeech/train-clean-100/118/47824/118-47824-0043.flac,LibriSpeech/train-clean-100/118/47824/118-47824-0043.pt
LibriSpeech/train-clean-100/118/47824/118-47824-0044.flac,LibriSpeech/train-clean-100/118/47824/118-47824-0044.pt
LibriSpeech/train-clean-100/118/47824/118-47824-0045.flac,LibriSpeech/train-clean-100/118/47824/118-47824-0045.pt
LibriSpeech/train-clean-100/118/47824/118-47824-0046.flac,LibriSpeech/train-clean-100/118/47824/118-47824-0046.pt
LibriSpeech/train-clean-100/118/47824/118-47824-0047.flac,LibriSpeech/train-clean-100/118/47824/118-47824-0047.pt
LibriSpeech/train-clean-100/118/47824/118-47824-0048.flac,LibriSpeech/train-clean-100/118/47824/118-47824-0048.pt
LibriSpeech/train-clean-100/118/47824/118-47824-0049.flac,LibriSpeech/train-clean-100/118/47824/118-47824-0049.pt
LibriSpeech/train-clean-100/118/47824/118-47824-0050.flac,LibriSpeech/train-clean-100/118/47824/118-47824-0050.pt
LibriSpeech/train-clean-100/118/47824/118-47824-0051.flac,LibriSpeech/train-clean-100/118/47824/118-47824-0051.pt
LibriSpeech/train-clean-100/118/47824/118-47824-0052.flac,LibriSpeech/train-clean-100/118/47824/118-47824-0052.pt
LibriSpeech/train-clean-100/118/47824/118-47824-0053.flac,LibriSpeech/train-clean-100/118/47824/118-47824-0053.pt
LibriSpeech/train-clean-100/118/47824/118-47824-0054.flac,LibriSpeech/train-clean-100/118/47824/118-47824-0054.pt
LibriSpeech/train-clean-100/118/47824/118-47824-0055.flac,LibriSpeech/train-clean-100/118/47824/118-47824-0055.pt
LibriSpeech/train-clean-100/118/47824/118-47824-0056.flac,LibriSpeech/train-clean-100/118/47824/118-47824-0056.pt
LibriSpeech/train-clean-100/118/47824/118-47824-0057.flac,LibriSpeech/train-clean-100/118/47824/118-47824-0057.pt
LibriSpeech/train-clean-100/118/47824/118-47824-0058.flac,LibriSpeech/train-clean-100/118/47824/118-47824-0058.pt
LibriSpeech/train-clean-100/118/47824/118-47824-0059.flac,LibriSpeech/train-clean-100/118/47824/118-47824-0059.pt
LibriSpeech/train-clean-100/118/47824/118-47824-0060.flac,LibriSpeech/train-clean-100/118/47824/118-47824-0060.pt
LibriSpeech/train-clean-100/118/47824/118-47824-0061.flac,LibriSpeech/train-clean-100/118/47824/118-47824-0061.pt
LibriSpeech/train-clean-100/118/47824/118-47824-0062.flac,LibriSpeech/train-clean-100/118/47824/118-47824-0062.pt
LibriSpeech/train-clean-100/118/47824/118-47824-0063.flac,LibriSpeech/train-clean-100/118/47824/118-47824-0063.pt
LibriSpeech/train-clean-100/118/47824/118-47824-0064.flac,LibriSpeech/train-clean-100/118/47824/118-47824-0064.pt
LibriSpeech/train-clean-100/118/47824/118-47824-0065.flac,LibriSpeech/train-clean-100/118/47824/118-47824-0065.pt
LibriSpeech/train-clean-100/118/47824/118-47824-0066.flac,LibriSpeech/train-clean-100/118/47824/118-47824-0066.pt
LibriSpeech/train-clean-100/118/47824/118-47824-0067.flac,LibriSpeech/train-clean-100/118/47824/118-47824-0067.pt
LibriSpeech/train-clean-100/118/47824/118-47824-0068.flac,LibriSpeech/train-clean-100/118/47824/118-47824-0068.pt
LibriSpeech/train-clean-100/118/47824/118-47824-0069.flac,LibriSpeech/train-clean-100/118/47824/118-47824-0069.pt
LibriSpeech/train-clean-100/118/47824/118-47824-0070.flac,LibriSpeech/train-clean-100/118/47824/118-47824-0070.pt
LibriSpeech/train-clean-100/118/47824/118-47824-0071.flac,LibriSpeech/train-clean-100/118/47824/118-47824-0071.pt
LibriSpeech/train-clean-100/118/47824/118-47824-0072.flac,LibriSpeech/train-clean-100/118/47824/118-47824-0072.pt
LibriSpeech/train-clean-100/118/47824/118-47824-0073.flac,LibriSpeech/train-clean-100/118/47824/118-47824-0073.pt
LibriSpeech/train-clean-100/118/47824/118-47824-0074.flac,LibriSpeech/train-clean-100/118/47824/118-47824-0074.pt
LibriSpeech/train-clean-100/118/47824/118-47824-0075.flac,LibriSpeech/train-clean-100/118/47824/118-47824-0075.pt
LibriSpeech/train-clean-100/118/47824/118-47824-0076.flac,LibriSpeech/train-clean-100/118/47824/118-47824-0076.pt
LibriSpeech/train-clean-100/118/47824/118-47824-0077.flac,LibriSpeech/train-clean-100/118/47824/118-47824-0077.pt
LibriSpeech/train-clean-100/118/47824/118-47824-0078.flac,LibriSpeech/train-clean-100/118/47824/118-47824-0078.pt
LibriSpeech/train-clean-100/118/47824/118-47824-0079.flac,LibriSpeech/train-clean-100/118/47824/118-47824-0079.pt
LibriSpeech/train-clean-100/118/47824/118-47824-0080.flac,LibriSpeech/train-clean-100/118/47824/118-47824-0080.pt
LibriSpeech/train-clean-100/118/47824/118-47824-0081.flac,LibriSpeech/train-clean-100/118/47824/118-47824-0081.pt
LibriSpeech/train-clean-100/118/47824/118-47824-0082.flac,LibriSpeech/train-clean-100/118/47824/118-47824-0082.pt
LibriSpeech/train-clean-100/118/47824/118-47824-0083.flac,LibriSpeech/train-clean-100/118/47824/118-47824-0083.pt
LibriSpeech/train-clean-100/118/47824/118-47824-0084.flac,LibriSpeech/train-clean-100/118/47824/118-47824-0084.pt
LibriSpeech/train-clean-100/118/47824/118-47824-0085.flac,LibriSpeech/train-clean-100/118/47824/118-47824-0085.pt
LibriSpeech/train-clean-100/118/47824/118-47824-0086.flac,LibriSpeech/train-clean-100/118/47824/118-47824-0086.pt
LibriSpeech/train-clean-100/1183/124566/1183-124566-0000.flac,LibriSpeech/train-clean-100/1183/124566/1183-124566-0000.pt
LibriSpeech/train-clean-100/1183/124566/1183-124566-0001.flac,LibriSpeech/train-clean-100/1183/124566/1183-124566-0001.pt
LibriSpeech/train-clean-100/1183/124566/1183-124566-0002.flac,LibriSpeech/train-clean-100/1183/124566/1183-124566-0002.pt
LibriSpeech/train-clean-100/1183/124566/1183-124566-0003.flac,LibriSpeech/train-clean-100/1183/124566/1183-124566-0003.pt
LibriSpeech/train-clean-100/1183/124566/1183-124566-0004.flac,LibriSpeech/train-clean-100/1183/124566/1183-124566-0004.pt
LibriSpeech/train-clean-100/1183/124566/1183-124566-0005.flac,LibriSpeech/train-clean-100/1183/124566/1183-124566-0005.pt
LibriSpeech/train-clean-100/1183/128659/1183-128659-0000.flac,LibriSpeech/train-clean-100/1183/128659/1183-128659-0000.pt
LibriSpeech/train-clean-100/1183/128659/1183-128659-0001.flac,LibriSpeech/train-clean-100/1183/128659/1183-128659-0001.pt
LibriSpeech/train-clean-100/1183/128659/1183-128659-0002.flac,LibriSpeech/train-clean-100/1183/128659/1183-128659-0002.pt
LibriSpeech/train-clean-100/1183/128659/1183-128659-0003.flac,LibriSpeech/train-clean-100/1183/128659/1183-128659-0003.pt
LibriSpeech/train-clean-100/1183/128659/1183-128659-0004.flac,LibriSpeech/train-clean-100/1183/128659/1183-128659-0004.pt
LibriSpeech/train-clean-100/1183/128659/1183-128659-0005.flac,LibriSpeech/train-clean-100/1183/128659/1183-128659-0005.pt
LibriSpeech/train-clean-100/1183/128659/1183-128659-0006.flac,LibriSpeech/train-clean-100/1183/128659/1183-128659-0006.pt
LibriSpeech/train-clean-100/1183/128659/1183-128659-0007.flac,LibriSpeech/train-clean-100/1183/128659/1183-128659-0007.pt
LibriSpeech/train-clean-100/1183/128659/1183-128659-0008.flac,LibriSpeech/train-clean-100/1183/128659/1183-128659-0008.pt
LibriSpeech/train-clean-100/1183/128659/1183-128659-0009.flac,LibriSpeech/train-clean-100/1183/128659/1183-128659-0009.pt
LibriSpeech/train-clean-100/1183/128659/1183-128659-0010.flac,LibriSpeech/train-clean-100/1183/128659/1183-128659-0010.pt
LibriSpeech/train-clean-100/1183/128659/1183-128659-0011.flac,LibriSpeech/train-clean-100/1183/128659/1183-128659-0011.pt
LibriSpeech/train-clean-100/1183/128659/1183-128659-0012.flac,LibriSpeech/train-clean-100/1183/128659/1183-128659-0012.pt
LibriSpeech/train-clean-100/1183/128659/1183-128659-0013.flac,LibriSpeech/train-clean-100/1183/128659/1183-128659-0013.pt
LibriSpeech/train-clean-100/1183/128659/1183-128659-0014.flac,LibriSpeech/train-clean-100/1183/128659/1183-128659-0014.pt
LibriSpeech/train-clean-100/1183/128659/1183-128659-0015.flac,LibriSpeech/train-clean-100/1183/128659/1183-128659-0015.pt
LibriSpeech/train-clean-100/1183/128659/1183-128659-0016.flac,LibriSpeech/train-clean-100/1183/128659/1183-128659-0016.pt
LibriSpeech/train-clean-100/1183/128659/1183-128659-0017.flac,LibriSpeech/train-clean-100/1183/128659/1183-128659-0017.pt
LibriSpeech/train-clean-100/1183/128659/1183-128659-0018.flac,LibriSpeech/train-clean-100/1183/128659/1183-128659-0018.pt
LibriSpeech/train-clean-100/1183/128659/1183-128659-0019.flac,LibriSpeech/train-clean-100/1183/128659/1183-128659-0019.pt
LibriSpeech/train-clean-100/1183/133255/1183-133255-0000.flac,LibriSpeech/train-clean-100/1183/133255/1183-133255-0000.pt
LibriSpeech/train-clean-100/1183/133255/1183-133255-0001.flac,LibriSpeech/train-clean-100/1183/133255/1183-133255-0001.pt
LibriSpeech/train-clean-100/1183/133255/1183-133255-0002.flac,LibriSpeech/train-clean-100/1183/133255/1183-133255-0002.pt
LibriSpeech/train-clean-100/1183/133255/1183-133255-0003.flac,LibriSpeech/train-clean-100/1183/133255/1183-133255-0003.pt
LibriSpeech/train-clean-100/1183/133255/1183-133255-0004.flac,LibriSpeech/train-clean-100/1183/133255/1183-133255-0004.pt
LibriSpeech/train-clean-100/1183/133255/1183-133255-0005.flac,LibriSpeech/train-clean-100/1183/133255/1183-133255-0005.pt
LibriSpeech/train-clean-100/1183/133255/1183-133255-0006.flac,LibriSpeech/train-clean-100/1183/133255/1183-133255-0006.pt
LibriSpeech/train-clean-100/1183/133255/1183-133255-0007.flac,LibriSpeech/train-clean-100/1183/133255/1183-133255-0007.pt
LibriSpeech/train-clean-100/1183/133255/1183-133255-0008.flac,LibriSpeech/train-clean-100/1183/133255/1183-133255-0008.pt
LibriSpeech/train-clean-100/1183/133255/1183-133255-0009.flac,LibriSpeech/train-clean-100/1183/133255/1183-133255-0009.pt
LibriSpeech/train-clean-100/1183/133255/1183-133255-0010.flac,LibriSpeech/train-clean-100/1183/133255/1183-133255-0010.pt
LibriSpeech/train-clean-100/1183/133255/1183-133255-0011.flac,LibriSpeech/train-clean-100/1183/133255/1183-133255-0011.pt
LibriSpeech/train-clean-100/1183/133255/1183-133255-0012.flac,LibriSpeech/train-clean-100/1183/133255/1183-133255-0012.pt
LibriSpeech/train-clean-100/1183/133255/1183-133255-0013.flac,LibriSpeech/train-clean-100/1183/133255/1183-133255-0013.pt
LibriSpeech/train-clean-100/1183/133256/1183-133256-0000.flac,LibriSpeech/train-clean-100/1183/133256/1183-133256-0000.pt
LibriSpeech/train-clean-100/1183/133256/1183-133256-0001.flac,LibriSpeech/train-clean-100/1183/133256/1183-133256-0001.pt
LibriSpeech/train-clean-100/1183/133256/1183-133256-0002.flac,LibriSpeech/train-clean-100/1183/133256/1183-133256-0002.pt
LibriSpeech/train-clean-100/1183/133256/1183-133256-0003.flac,LibriSpeech/train-clean-100/1183/133256/1183-133256-0003.pt
LibriSpeech/train-clean-100/1183/133256/1183-133256-0004.flac,LibriSpeech/train-clean-100/1183/133256/1183-133256-0004.pt
LibriSpeech/train-clean-100/1183/133256/1183-133256-0005.flac,LibriSpeech/train-clean-100/1183/133256/1183-133256-0005.pt
LibriSpeech/train-clean-100/1183/133256/1183-133256-0006.flac,LibriSpeech/train-clean-100/1183/133256/1183-133256-0006.pt
LibriSpeech/train-clean-100/1183/133256/1183-133256-0007.flac,LibriSpeech/train-clean-100/1183/133256/1183-133256-0007.pt
LibriSpeech/train-clean-100/1183/133256/1183-133256-0008.flac,LibriSpeech/train-clean-100/1183/133256/1183-133256-0008.pt
LibriSpeech/train-clean-100/1183/133256/1183-133256-0009.flac,LibriSpeech/train-clean-100/1183/133256/1183-133256-0009.pt
LibriSpeech/train-clean-100/1183/133256/1183-133256-0010.flac,LibriSpeech/train-clean-100/1183/133256/1183-133256-0010.pt
LibriSpeech/train-clean-100/1183/133256/1183-133256-0011.flac,LibriSpeech/train-clean-100/1183/133256/1183-133256-0011.pt
LibriSpeech/train-clean-100/1183/133256/1183-133256-0012.flac,LibriSpeech/train-clean-100/1183/133256/1183-133256-0012.pt
LibriSpeech/train-clean-100/1183/133256/1183-133256-0013.flac,LibriSpeech/train-clean-100/1183/133256/1183-133256-0013.pt
LibriSpeech/train-clean-100/1183/133256/1183-133256-0014.flac,LibriSpeech/train-clean-100/1183/133256/1183-133256-0014.pt
LibriSpeech/train-clean-100/1183/133256/1183-133256-0015.flac,LibriSpeech/train-clean-100/1183/133256/1183-133256-0015.pt
LibriSpeech/train-clean-100/1183/133256/1183-133256-0016.flac,LibriSpeech/train-clean-100/1183/133256/1183-133256-0016.pt
LibriSpeech/train-clean-100/1183/133256/1183-133256-0017.flac,LibriSpeech/train-clean-100/1183/133256/1183-133256-0017.pt
LibriSpeech/train-clean-100/1183/133256/1183-133256-0018.flac,LibriSpeech/train-clean-100/1183/133256/1183-133256-0018.pt
LibriSpeech/train-clean-100/1183/133256/1183-133256-0019.flac,LibriSpeech/train-clean-100/1183/133256/1183-133256-0019.pt
LibriSpeech/train-clean-100/1183/133256/1183-133256-0020.flac,LibriSpeech/train-clean-100/1183/133256/1183-133256-0020.pt
LibriSpeech/train-clean-100/1183/133256/1183-133256-0021.flac,LibriSpeech/train-clean-100/1183/133256/1183-133256-0021.pt
LibriSpeech/train-clean-100/1183/133256/1183-133256-0022.flac,LibriSpeech/train-clean-100/1183/133256/1183-133256-0022.pt
LibriSpeech/train-clean-100/1183/133256/1183-133256-0023.flac,LibriSpeech/train-clean-100/1183/133256/1183-133256-0023.pt
LibriSpeech/train-clean-100/1183/133256/1183-133256-0024.flac,LibriSpeech/train-clean-100/1183/133256/1183-133256-0024.pt
LibriSpeech/train-clean-100/1183/133256/1183-133256-0025.flac,LibriSpeech/train-clean-100/1183/133256/1183-133256-0025.pt
LibriSpeech/train-clean-100/1235/135883/1235-135883-0000.flac,LibriSpeech/train-clean-100/1235/135883/1235-135883-0000.pt
LibriSpeech/train-clean-100/1235/135883/1235-135883-0001.flac,LibriSpeech/train-clean-100/1235/135883/1235-135883-0001.pt
LibriSpeech/train-clean-100/1235/135883/1235-135883-0002.flac,LibriSpeech/train-clean-100/1235/135883/1235-135883-0002.pt
LibriSpeech/train-clean-100/1235/135883/1235-135883-0003.flac,LibriSpeech/train-clean-100/1235/135883/1235-135883-0003.pt
LibriSpeech/train-clean-100/1235/135883/1235-135883-0004.flac,LibriSpeech/train-clean-100/1235/135883/1235-135883-0004.pt
LibriSpeech/train-clean-100/1235/135883/1235-135883-0005.flac,LibriSpeech/train-clean-100/1235/135883/1235-135883-0005.pt
LibriSpeech/train-clean-100/1235/135883/1235-135883-0006.flac,LibriSpeech/train-clean-100/1235/135883/1235-135883-0006.pt
LibriSpeech/train-clean-100/1235/135883/1235-135883-0007.flac,LibriSpeech/train-clean-100/1235/135883/1235-135883-0007.pt
LibriSpeech/train-clean-100/1235/135883/1235-135883-0008.flac,LibriSpeech/train-clean-100/1235/135883/1235-135883-0008.pt
LibriSpeech/train-clean-100/1235/135883/1235-135883-0009.flac,LibriSpeech/train-clean-100/1235/135883/1235-135883-0009.pt
LibriSpeech/train-clean-100/1235/135883/1235-135883-0010.flac,LibriSpeech/train-clean-100/1235/135883/1235-135883-0010.pt
LibriSpeech/train-clean-100/1235/135883/1235-135883-0011.flac,LibriSpeech/train-clean-100/1235/135883/1235-135883-0011.pt
LibriSpeech/train-clean-100/1235/135883/1235-135883-0012.flac,LibriSpeech/train-clean-100/1235/135883/1235-135883-0012.pt
LibriSpeech/train-clean-100/1235/135883/1235-135883-0013.flac,LibriSpeech/train-clean-100/1235/135883/1235-135883-0013.pt
LibriSpeech/train-clean-100/1235/135883/1235-135883-0014.flac,LibriSpeech/train-clean-100/1235/135883/1235-135883-0014.pt
LibriSpeech/train-clean-100/1235/135883/1235-135883-0015.flac,LibriSpeech/train-clean-100/1235/135883/1235-135883-0015.pt
LibriSpeech/train-clean-100/1235/135883/1235-135883-0016.flac,LibriSpeech/train-clean-100/1235/135883/1235-135883-0016.pt
LibriSpeech/train-clean-100/1235/135883/1235-135883-0017.flac,LibriSpeech/train-clean-100/1235/135883/1235-135883-0017.pt
LibriSpeech/train-clean-100/1235/135883/1235-135883-0018.flac,LibriSpeech/train-clean-100/1235/135883/1235-135883-0018.pt
LibriSpeech/train-clean-100/1235/135883/1235-135883-0019.flac,LibriSpeech/train-clean-100/1235/135883/1235-135883-0019.pt
LibriSpeech/train-clean-100/1235/135883/1235-135883-0020.flac,LibriSpeech/train-clean-100/1235/135883/1235-135883-0020.pt
LibriSpeech/train-clean-100/1235/135883/1235-135883-0021.flac,LibriSpeech/train-clean-100/1235/135883/1235-135883-0021.pt
LibriSpeech/train-clean-100/1235/135883/1235-135883-0022.flac,LibriSpeech/train-clean-100/1235/135883/1235-135883-0022.pt
LibriSpeech/train-clean-100/1235/135883/1235-135883-0023.flac,LibriSpeech/train-clean-100/1235/135883/1235-135883-0023.pt
LibriSpeech/train-clean-100/1235/135883/1235-135883-0024.flac,LibriSpeech/train-clean-100/1235/135883/1235-135883-0024.pt
LibriSpeech/train-clean-100/1235/135883/1235-135883-0025.flac,LibriSpeech/train-clean-100/1235/135883/1235-135883-0025.pt
LibriSpeech/train-clean-100/1235/135883/1235-135883-0026.flac,LibriSpeech/train-clean-100/1235/135883/1235-135883-0026.pt
LibriSpeech/train-clean-100/1235/135883/1235-135883-0027.flac,LibriSpeech/train-clean-100/1235/135883/1235-135883-0027.pt
LibriSpeech/train-clean-100/1235/135883/1235-135883-0028.flac,LibriSpeech/train-clean-100/1235/135883/1235-135883-0028.pt
LibriSpeech/train-clean-100/1235/135883/1235-135883-0029.flac,LibriSpeech/train-clean-100/1235/135883/1235-135883-0029.pt
LibriSpeech/train-clean-100/1235/135883/1235-135883-0030.flac,LibriSpeech/train-clean-100/1235/135883/1235-135883-0030.pt
LibriSpeech/train-clean-100/1235/135883/1235-135883-0031.flac,LibriSpeech/train-clean-100/1235/135883/1235-135883-0031.pt
LibriSpeech/train-clean-100/1235/135883/1235-135883-0032.flac,LibriSpeech/train-clean-100/1235/135883/1235-135883-0032.pt
LibriSpeech/train-clean-100/1235/135883/1235-135883-0033.flac,LibriSpeech/train-clean-100/1235/135883/1235-135883-0033.pt
LibriSpeech/train-clean-100/1235/135883/1235-135883-0034.flac,LibriSpeech/train-clean-100/1235/135883/1235-135883-0034.pt
LibriSpeech/train-clean-100/1235/135883/1235-135883-0035.flac,LibriSpeech/train-clean-100/1235/135883/1235-135883-0035.pt
LibriSpeech/train-clean-100/1235/135883/1235-135883-0036.flac,LibriSpeech/train-clean-100/1235/135883/1235-135883-0036.pt
LibriSpeech/train-clean-100/1235/135883/1235-135883-0037.flac,LibriSpeech/train-clean-100/1235/135883/1235-135883-0037.pt
LibriSpeech/train-clean-100/1235/135883/1235-135883-0038.flac,LibriSpeech/train-clean-100/1235/135883/1235-135883-0038.pt
LibriSpeech/train-clean-100/1235/135883/1235-135883-0039.flac,LibriSpeech/train-clean-100/1235/135883/1235-135883-0039.pt
LibriSpeech/train-clean-100/1235/135883/1235-135883-0040.flac,LibriSpeech/train-clean-100/1235/135883/1235-135883-0040.pt
LibriSpeech/train-clean-100/1235/135883/1235-135883-0041.flac,LibriSpeech/train-clean-100/1235/135883/1235-135883-0041.pt
LibriSpeech/train-clean-100/1235/135883/1235-135883-0042.flac,LibriSpeech/train-clean-100/1235/135883/1235-135883-0042.pt
LibriSpeech/train-clean-100/1235/135883/1235-135883-0043.flac,LibriSpeech/train-clean-100/1235/135883/1235-135883-0043.pt
LibriSpeech/train-clean-100/1235/135883/1235-135883-0044.flac,LibriSpeech/train-clean-100/1235/135883/1235-135883-0044.pt
LibriSpeech/train-clean-100/1235/135883/1235-135883-0045.flac,LibriSpeech/train-clean-100/1235/135883/1235-135883-0045.pt
LibriSpeech/train-clean-100/1235/135883/1235-135883-0046.flac,LibriSpeech/train-clean-100/1235/135883/1235-135883-0046.pt
LibriSpeech/train-clean-100/1235/135883/1235-135883-0047.flac,LibriSpeech/train-clean-100/1235/135883/1235-135883-0047.pt
LibriSpeech/train-clean-100/1235/135883/1235-135883-0048.flac,LibriSpeech/train-clean-100/1235/135883/1235-135883-0048.pt
LibriSpeech/train-clean-100/1235/135883/1235-135883-0049.flac,LibriSpeech/train-clean-100/1235/135883/1235-135883-0049.pt
LibriSpeech/train-clean-100/1235/135883/1235-135883-0050.flac,LibriSpeech/train-clean-100/1235/135883/1235-135883-0050.pt
LibriSpeech/train-clean-100/1235/135884/1235-135884-0000.flac,LibriSpeech/train-clean-100/1235/135884/1235-135884-0000.pt
LibriSpeech/train-clean-100/1235/135884/1235-135884-0001.flac,LibriSpeech/train-clean-100/1235/135884/1235-135884-0001.pt
LibriSpeech/train-clean-100/1235/135884/1235-135884-0002.flac,LibriSpeech/train-clean-100/1235/135884/1235-135884-0002.pt
LibriSpeech/train-clean-100/1235/135884/1235-135884-0003.flac,LibriSpeech/train-clean-100/1235/135884/1235-135884-0003.pt
LibriSpeech/train-clean-100/1235/135884/1235-135884-0004.flac,LibriSpeech/train-clean-100/1235/135884/1235-135884-0004.pt
LibriSpeech/train-clean-100/1235/135884/1235-135884-0005.flac,LibriSpeech/train-clean-100/1235/135884/1235-135884-0005.pt
LibriSpeech/train-clean-100/1235/135884/1235-135884-0006.flac,LibriSpeech/train-clean-100/1235/135884/1235-135884-0006.pt
LibriSpeech/train-clean-100/1235/135884/1235-135884-0007.flac,LibriSpeech/train-clean-100/1235/135884/1235-135884-0007.pt
LibriSpeech/train-clean-100/1235/135884/1235-135884-0008.flac,LibriSpeech/train-clean-100/1235/135884/1235-135884-0008.pt
LibriSpeech/train-clean-100/1235/135884/1235-135884-0009.flac,LibriSpeech/train-clean-100/1235/135884/1235-135884-0009.pt
LibriSpeech/train-clean-100/1235/135884/1235-135884-0010.flac,LibriSpeech/train-clean-100/1235/135884/1235-135884-0010.pt
LibriSpeech/train-clean-100/1235/135884/1235-135884-0011.flac,LibriSpeech/train-clean-100/1235/135884/1235-135884-0011.pt
LibriSpeech/train-clean-100/1235/135884/1235-135884-0012.flac,LibriSpeech/train-clean-100/1235/135884/1235-135884-0012.pt
LibriSpeech/train-clean-100/1235/135884/1235-135884-0013.flac,LibriSpeech/train-clean-100/1235/135884/1235-135884-0013.pt
LibriSpeech/train-clean-100/1235/135884/1235-135884-0014.flac,LibriSpeech/train-clean-100/1235/135884/1235-135884-0014.pt
LibriSpeech/train-clean-100/1235/135884/1235-135884-0015.flac,LibriSpeech/train-clean-100/1235/135884/1235-135884-0015.pt
LibriSpeech/train-clean-100/1235/135884/1235-135884-0016.flac,LibriSpeech/train-clean-100/1235/135884/1235-135884-0016.pt
LibriSpeech/train-clean-100/1235/135884/1235-135884-0017.flac,LibriSpeech/train-clean-100/1235/135884/1235-135884-0017.pt
LibriSpeech/train-clean-100/1235/135884/1235-135884-0018.flac,LibriSpeech/train-clean-100/1235/135884/1235-135884-0018.pt
LibriSpeech/train-clean-100/1235/135884/1235-135884-0019.flac,LibriSpeech/train-clean-100/1235/135884/1235-135884-0019.pt
LibriSpeech/train-clean-100/1235/135884/1235-135884-0020.flac,LibriSpeech/train-clean-100/1235/135884/1235-135884-0020.pt
LibriSpeech/train-clean-100/1235/135884/1235-135884-0021.flac,LibriSpeech/train-clean-100/1235/135884/1235-135884-0021.pt
LibriSpeech/train-clean-100/1235/135884/1235-135884-0022.flac,LibriSpeech/train-clean-100/1235/135884/1235-135884-0022.pt
LibriSpeech/train-clean-100/1235/135884/1235-135884-0023.flac,LibriSpeech/train-clean-100/1235/135884/1235-135884-0023.pt
LibriSpeech/train-clean-100/1235/135884/1235-135884-0024.flac,LibriSpeech/train-clean-100/1235/135884/1235-135884-0024.pt
LibriSpeech/train-clean-100/1235/135884/1235-135884-0025.flac,LibriSpeech/train-clean-100/1235/135884/1235-135884-0025.pt
LibriSpeech/train-clean-100/1235/135884/1235-135884-0026.flac,LibriSpeech/train-clean-100/1235/135884/1235-135884-0026.pt
LibriSpeech/train-clean-100/1235/135884/1235-135884-0027.flac,LibriSpeech/train-clean-100/1235/135884/1235-135884-0027.pt
LibriSpeech/train-clean-100/1235/135884/1235-135884-0028.flac,LibriSpeech/train-clean-100/1235/135884/1235-135884-0028.pt
LibriSpeech/train-clean-100/1235/135884/1235-135884-0029.flac,LibriSpeech/train-clean-100/1235/135884/1235-135884-0029.pt
LibriSpeech/train-clean-100/1235/135884/1235-135884-0030.flac,LibriSpeech/train-clean-100/1235/135884/1235-135884-0030.pt
LibriSpeech/train-clean-100/1235/135884/1235-135884-0031.flac,LibriSpeech/train-clean-100/1235/135884/1235-135884-0031.pt
LibriSpeech/train-clean-100/1235/135884/1235-135884-0032.flac,LibriSpeech/train-clean-100/1235/135884/1235-135884-0032.pt
LibriSpeech/train-clean-100/1235/135884/1235-135884-0033.flac,LibriSpeech/train-clean-100/1235/135884/1235-135884-0033.pt
LibriSpeech/train-clean-100/1235/135884/1235-135884-0034.flac,LibriSpeech/train-clean-100/1235/135884/1235-135884-0034.pt
LibriSpeech/train-clean-100/1235/135884/1235-135884-0035.flac,LibriSpeech/train-clean-100/1235/135884/1235-135884-0035.pt
LibriSpeech/train-clean-100/1235/135884/1235-135884-0036.flac,LibriSpeech/train-clean-100/1235/135884/1235-135884-0036.pt
LibriSpeech/train-clean-100/1235/135884/1235-135884-0037.flac,LibriSpeech/train-clean-100/1235/135884/1235-135884-0037.pt
LibriSpeech/train-clean-100/1235/135884/1235-135884-0038.flac,LibriSpeech/train-clean-100/1235/135884/1235-135884-0038.pt
LibriSpeech/train-clean-100/1235/135884/1235-135884-0039.flac,LibriSpeech/train-clean-100/1235/135884/1235-135884-0039.pt
LibriSpeech/train-clean-100/1235/135884/1235-135884-0040.flac,LibriSpeech/train-clean-100/1235/135884/1235-135884-0040.pt
LibriSpeech/train-clean-100/1235/135884/1235-135884-0041.flac,LibriSpeech/train-clean-100/1235/135884/1235-135884-0041.pt
LibriSpeech/train-clean-100/1235/135887/1235-135887-0000.flac,LibriSpeech/train-clean-100/1235/135887/1235-135887-0000.pt
LibriSpeech/train-clean-100/1235/135887/1235-135887-0001.flac,LibriSpeech/train-clean-100/1235/135887/1235-135887-0001.pt
LibriSpeech/train-clean-100/1235/135887/1235-135887-0002.flac,LibriSpeech/train-clean-100/1235/135887/1235-135887-0002.pt
LibriSpeech/train-clean-100/1235/135887/1235-135887-0003.flac,LibriSpeech/train-clean-100/1235/135887/1235-135887-0003.pt
LibriSpeech/train-clean-100/1235/135887/1235-135887-0004.flac,LibriSpeech/train-clean-100/1235/135887/1235-135887-0004.pt
LibriSpeech/train-clean-100/1235/135887/1235-135887-0005.flac,LibriSpeech/train-clean-100/1235/135887/1235-135887-0005.pt
LibriSpeech/train-clean-100/1235/135887/1235-135887-0006.flac,LibriSpeech/train-clean-100/1235/135887/1235-135887-0006.pt
LibriSpeech/train-clean-100/1235/135887/1235-135887-0007.flac,LibriSpeech/train-clean-100/1235/135887/1235-135887-0007.pt
LibriSpeech/train-clean-100/1235/135887/1235-135887-0008.flac,LibriSpeech/train-clean-100/1235/135887/1235-135887-0008.pt
LibriSpeech/train-clean-100/1235/135887/1235-135887-0009.flac,LibriSpeech/train-clean-100/1235/135887/1235-135887-0009.pt
LibriSpeech/train-clean-100/1235/135887/1235-135887-0010.flac,LibriSpeech/train-clean-100/1235/135887/1235-135887-0010.pt
LibriSpeech/train-clean-100/1235/135887/1235-135887-0011.flac,LibriSpeech/train-clean-100/1235/135887/1235-135887-0011.pt
LibriSpeech/train-clean-100/1235/135887/1235-135887-0012.flac,LibriSpeech/train-clean-100/1235/135887/1235-135887-0012.pt
LibriSpeech/train-clean-100/1235/135887/1235-135887-0013.flac,LibriSpeech/train-clean-100/1235/135887/1235-135887-0013.pt
LibriSpeech/train-clean-100/1235/135887/1235-135887-0014.flac,LibriSpeech/train-clean-100/1235/135887/1235-135887-0014.pt
LibriSpeech/train-clean-100/1235/135887/1235-135887-0015.flac,LibriSpeech/train-clean-100/1235/135887/1235-135887-0015.pt
LibriSpeech/train-clean-100/1235/135887/1235-135887-0016.flac,LibriSpeech/train-clean-100/1235/135887/1235-135887-0016.pt
LibriSpeech/train-clean-100/1235/135887/1235-135887-0017.flac,LibriSpeech/train-clean-100/1235/135887/1235-135887-0017.pt
LibriSpeech/train-clean-100/1235/135887/1235-135887-0018.flac,LibriSpeech/train-clean-100/1235/135887/1235-135887-0018.pt
LibriSpeech/train-clean-100/1235/135887/1235-135887-0019.flac,LibriSpeech/train-clean-100/1235/135887/1235-135887-0019.pt
LibriSpeech/train-clean-100/1235/135887/1235-135887-0020.flac,LibriSpeech/train-clean-100/1235/135887/1235-135887-0020.pt
LibriSpeech/train-clean-100/1235/135887/1235-135887-0021.flac,LibriSpeech/train-clean-100/1235/135887/1235-135887-0021.pt
LibriSpeech/train-clean-100/1235/135887/1235-135887-0022.flac,LibriSpeech/train-clean-100/1235/135887/1235-135887-0022.pt
LibriSpeech/train-clean-100/1235/135887/1235-135887-0023.flac,LibriSpeech/train-clean-100/1235/135887/1235-135887-0023.pt
LibriSpeech/train-clean-100/1235/135887/1235-135887-0024.flac,LibriSpeech/train-clean-100/1235/135887/1235-135887-0024.pt
LibriSpeech/train-clean-100/1235/135887/1235-135887-0025.flac,LibriSpeech/train-clean-100/1235/135887/1235-135887-0025.pt
LibriSpeech/train-clean-100/1235/135887/1235-135887-0026.flac,LibriSpeech/train-clean-100/1235/135887/1235-135887-0026.pt
LibriSpeech/train-clean-100/1235/135887/1235-135887-0027.flac,LibriSpeech/train-clean-100/1235/135887/1235-135887-0027.pt
LibriSpeech/train-clean-100/1235/135887/1235-135887-0028.flac,LibriSpeech/train-clean-100/1235/135887/1235-135887-0028.pt
LibriSpeech/train-clean-100/1235/135887/1235-135887-0029.flac,LibriSpeech/train-clean-100/1235/135887/1235-135887-0029.pt
LibriSpeech/train-clean-100/1235/135887/1235-135887-0030.flac,LibriSpeech/train-clean-100/1235/135887/1235-135887-0030.pt
LibriSpeech/train-clean-100/1235/135887/1235-135887-0031.flac,LibriSpeech/train-clean-100/1235/135887/1235-135887-0031.pt
LibriSpeech/train-clean-100/1246/124548/1246-124548-0000.flac,LibriSpeech/train-clean-100/1246/124548/1246-124548-0000.pt
LibriSpeech/train-clean-100/1246/124548/1246-124548-0001.flac,LibriSpeech/train-clean-100/1246/124548/1246-124548-0001.pt
LibriSpeech/train-clean-100/1246/124548/1246-124548-0002.flac,LibriSpeech/train-clean-100/1246/124548/1246-124548-0002.pt
LibriSpeech/train-clean-100/1246/124548/1246-124548-0003.flac,LibriSpeech/train-clean-100/1246/124548/1246-124548-0003.pt
LibriSpeech/train-clean-100/1246/124548/1246-124548-0004.flac,LibriSpeech/train-clean-100/1246/124548/1246-124548-0004.pt
LibriSpeech/train-clean-100/1246/124548/1246-124548-0005.flac,LibriSpeech/train-clean-100/1246/124548/1246-124548-0005.pt
LibriSpeech/train-clean-100/1246/124548/1246-124548-0006.flac,LibriSpeech/train-clean-100/1246/124548/1246-124548-0006.pt
LibriSpeech/train-clean-100/1246/124548/1246-124548-0007.flac,LibriSpeech/train-clean-100/1246/124548/1246-124548-0007.pt
LibriSpeech/train-clean-100/1246/124548/1246-124548-0008.flac,LibriSpeech/train-clean-100/1246/124548/1246-124548-0008.pt
LibriSpeech/train-clean-100/1246/124548/1246-124548-0009.flac,LibriSpeech/train-clean-100/1246/124548/1246-124548-0009.pt
LibriSpeech/train-clean-100/1246/124548/1246-124548-0010.flac,LibriSpeech/train-clean-100/1246/124548/1246-124548-0010.pt
LibriSpeech/train-clean-100/1246/124548/1246-124548-0011.flac,LibriSpeech/train-clean-100/1246/124548/1246-124548-0011.pt
LibriSpeech/train-clean-100/1246/124548/1246-124548-0012.flac,LibriSpeech/train-clean-100/1246/124548/1246-124548-0012.pt
LibriSpeech/train-clean-100/1246/124548/1246-124548-0013.flac,LibriSpeech/train-clean-100/1246/124548/1246-124548-0013.pt
LibriSpeech/train-clean-100/1246/124548/1246-124548-0014.flac,LibriSpeech/train-clean-100/1246/124548/1246-124548-0014.pt
LibriSpeech/train-clean-100/1246/124548/1246-124548-0015.flac,LibriSpeech/train-clean-100/1246/124548/1246-124548-0015.pt
LibriSpeech/train-clean-100/1246/124548/1246-124548-0016.flac,LibriSpeech/train-clean-100/1246/124548/1246-124548-0016.pt
LibriSpeech/train-clean-100/1246/124548/1246-124548-0017.flac,LibriSpeech/train-clean-100/1246/124548/1246-124548-0017.pt
LibriSpeech/train-clean-100/1246/124548/1246-124548-0018.flac,LibriSpeech/train-clean-100/1246/124548/1246-124548-0018.pt
LibriSpeech/train-clean-100/1246/124548/1246-124548-0019.flac,LibriSpeech/train-clean-100/1246/124548/1246-124548-0019.pt
LibriSpeech/train-clean-100/1246/124548/1246-124548-0020.flac,LibriSpeech/train-clean-100/1246/124548/1246-124548-0020.pt
LibriSpeech/train-clean-100/1246/124548/1246-124548-0021.flac,LibriSpeech/train-clean-100/1246/124548/1246-124548-0021.pt
LibriSpeech/train-clean-100/1246/124548/1246-124548-0022.flac,LibriSpeech/train-clean-100/1246/124548/1246-124548-0022.pt
LibriSpeech/train-clean-100/1246/124548/1246-124548-0023.flac,LibriSpeech/train-clean-100/1246/124548/1246-124548-0023.pt
LibriSpeech/train-clean-100/1246/124548/1246-124548-0024.flac,LibriSpeech/train-clean-100/1246/124548/1246-124548-0024.pt
LibriSpeech/train-clean-100/1246/124548/1246-124548-0025.flac,LibriSpeech/train-clean-100/1246/124548/1246-124548-0025.pt
LibriSpeech/train-clean-100/1246/124548/1246-124548-0026.flac,LibriSpeech/train-clean-100/1246/124548/1246-124548-0026.pt
LibriSpeech/train-clean-100/1246/124548/1246-124548-0027.flac,LibriSpeech/train-clean-100/1246/124548/1246-124548-0027.pt
LibriSpeech/train-clean-100/1246/124548/1246-124548-0028.flac,LibriSpeech/train-clean-100/1246/124548/1246-124548-0028.pt
LibriSpeech/train-clean-100/1246/124548/1246-124548-0029.flac,LibriSpeech/train-clean-100/1246/124548/1246-124548-0029.pt
LibriSpeech/train-clean-100/1246/124548/1246-124548-0030.flac,LibriSpeech/train-clean-100/1246/124548/1246-124548-0030.pt
LibriSpeech/train-clean-100/1246/124548/1246-124548-0031.flac,LibriSpeech/train-clean-100/1246/124548/1246-124548-0031.pt
LibriSpeech/train-clean-100/1246/124548/1246-124548-0032.flac,LibriSpeech/train-clean-100/1246/124548/1246-124548-0032.pt
LibriSpeech/train-clean-100/1246/124548/1246-124548-0033.flac,LibriSpeech/train-clean-100/1246/124548/1246-124548-0033.pt
LibriSpeech/train-clean-100/1246/124548/1246-124548-0034.flac,LibriSpeech/train-clean-100/1246/124548/1246-124548-0034.pt
LibriSpeech/train-clean-100/1246/124548/1246-124548-0035.flac,LibriSpeech/train-clean-100/1246/124548/1246-124548-0035.pt
LibriSpeech/train-clean-100/1246/124548/1246-124548-0036.flac,LibriSpeech/train-clean-100/1246/124548/1246-124548-0036.pt
LibriSpeech/train-clean-100/1246/124548/1246-124548-0037.flac,LibriSpeech/train-clean-100/1246/124548/1246-124548-0037.pt
LibriSpeech/train-clean-100/1246/124548/1246-124548-0038.flac,LibriSpeech/train-clean-100/1246/124548/1246-124548-0038.pt
LibriSpeech/train-clean-100/1246/124548/1246-124548-0039.flac,LibriSpeech/train-clean-100/1246/124548/1246-124548-0039.pt
LibriSpeech/train-clean-100/1246/124548/1246-124548-0040.flac,LibriSpeech/train-clean-100/1246/124548/1246-124548-0040.pt
LibriSpeech/train-clean-100/1246/124548/1246-124548-0041.flac,LibriSpeech/train-clean-100/1246/124548/1246-124548-0041.pt
LibriSpeech/train-clean-100/1246/124548/1246-124548-0042.flac,LibriSpeech/train-clean-100/1246/124548/1246-124548-0042.pt
LibriSpeech/train-clean-100/1246/124548/1246-124548-0043.flac,LibriSpeech/train-clean-100/1246/124548/1246-124548-0043.pt
LibriSpeech/train-clean-100/1246/124548/1246-124548-0044.flac,LibriSpeech/train-clean-100/1246/124548/1246-124548-0044.pt
LibriSpeech/train-clean-100/1246/124548/1246-124548-0045.flac,LibriSpeech/train-clean-100/1246/124548/1246-124548-0045.pt
LibriSpeech/train-clean-100/1246/124548/1246-124548-0046.flac,LibriSpeech/train-clean-100/1246/124548/1246-124548-0046.pt
LibriSpeech/train-clean-100/1246/124548/1246-124548-0047.flac,LibriSpeech/train-clean-100/1246/124548/1246-124548-0047.pt
LibriSpeech/train-clean-100/1246/124548/1246-124548-0048.flac,LibriSpeech/train-clean-100/1246/124548/1246-124548-0048.pt
LibriSpeech/train-clean-100/1246/124548/1246-124548-0049.flac,LibriSpeech/train-clean-100/1246/124548/1246-124548-0049.pt
LibriSpeech/train-clean-100/1246/124548/1246-124548-0050.flac,LibriSpeech/train-clean-100/1246/124548/1246-124548-0050.pt
LibriSpeech/train-clean-100/1246/124548/1246-124548-0051.flac,LibriSpeech/train-clean-100/1246/124548/1246-124548-0051.pt
LibriSpeech/train-clean-100/1246/124550/1246-124550-0000.flac,LibriSpeech/train-clean-100/1246/124550/1246-124550-0000.pt
LibriSpeech/train-clean-100/1246/124550/1246-124550-0001.flac,LibriSpeech/train-clean-100/1246/124550/1246-124550-0001.pt
LibriSpeech/train-clean-100/1246/124550/1246-124550-0002.flac,LibriSpeech/train-clean-100/1246/124550/1246-124550-0002.pt
LibriSpeech/train-clean-100/1246/124550/1246-124550-0003.flac,LibriSpeech/train-clean-100/1246/124550/1246-124550-0003.pt
LibriSpeech/train-clean-100/1246/124550/1246-124550-0004.flac,LibriSpeech/train-clean-100/1246/124550/1246-124550-0004.pt
LibriSpeech/train-clean-100/1246/124550/1246-124550-0005.flac,LibriSpeech/train-clean-100/1246/124550/1246-124550-0005.pt
LibriSpeech/train-clean-100/1246/124550/1246-124550-0006.flac,LibriSpeech/train-clean-100/1246/124550/1246-124550-0006.pt
LibriSpeech/train-clean-100/1246/124550/1246-124550-0007.flac,LibriSpeech/train-clean-100/1246/124550/1246-124550-0007.pt
LibriSpeech/train-clean-100/1246/124550/1246-124550-0008.flac,LibriSpeech/train-clean-100/1246/124550/1246-124550-0008.pt
LibriSpeech/train-clean-100/1246/124550/1246-124550-0009.flac,LibriSpeech/train-clean-100/1246/124550/1246-124550-0009.pt
LibriSpeech/train-clean-100/1246/124550/1246-124550-0010.flac,LibriSpeech/train-clean-100/1246/124550/1246-124550-0010.pt
LibriSpeech/train-clean-100/1246/124550/1246-124550-0011.flac,LibriSpeech/train-clean-100/1246/124550/1246-124550-0011.pt
LibriSpeech/train-clean-100/1246/124550/1246-124550-0012.flac,LibriSpeech/train-clean-100/1246/124550/1246-124550-0012.pt
LibriSpeech/train-clean-100/1246/124550/1246-124550-0013.flac,LibriSpeech/train-clean-100/1246/124550/1246-124550-0013.pt
LibriSpeech/train-clean-100/1246/124550/1246-124550-0014.flac,LibriSpeech/train-clean-100/1246/124550/1246-124550-0014.pt
LibriSpeech/train-clean-100/1246/124550/1246-124550-0015.flac,LibriSpeech/train-clean-100/1246/124550/1246-124550-0015.pt
LibriSpeech/train-clean-100/1246/124550/1246-124550-0016.flac,LibriSpeech/train-clean-100/1246/124550/1246-124550-0016.pt
LibriSpeech/train-clean-100/1246/124550/1246-124550-0017.flac,LibriSpeech/train-clean-100/1246/124550/1246-124550-0017.pt
LibriSpeech/train-clean-100/1246/124550/1246-124550-0018.flac,LibriSpeech/train-clean-100/1246/124550/1246-124550-0018.pt
LibriSpeech/train-clean-100/1246/124550/1246-124550-0019.flac,LibriSpeech/train-clean-100/1246/124550/1246-124550-0019.pt
LibriSpeech/train-clean-100/1246/124550/1246-124550-0020.flac,LibriSpeech/train-clean-100/1246/124550/1246-124550-0020.pt
LibriSpeech/train-clean-100/1246/124550/1246-124550-0021.flac,LibriSpeech/train-clean-100/1246/124550/1246-124550-0021.pt
LibriSpeech/train-clean-100/1246/124550/1246-124550-0022.flac,LibriSpeech/train-clean-100/1246/124550/1246-124550-0022.pt
LibriSpeech/train-clean-100/1246/124550/1246-124550-0023.flac,LibriSpeech/train-clean-100/1246/124550/1246-124550-0023.pt
LibriSpeech/train-clean-100/1246/124550/1246-124550-0024.flac,LibriSpeech/train-clean-100/1246/124550/1246-124550-0024.pt
LibriSpeech/train-clean-100/1246/124550/1246-124550-0025.flac,LibriSpeech/train-clean-100/1246/124550/1246-124550-0025.pt
LibriSpeech/train-clean-100/1246/124550/1246-124550-0026.flac,LibriSpeech/train-clean-100/1246/124550/1246-124550-0026.pt
LibriSpeech/train-clean-100/1246/124550/1246-124550-0027.flac,LibriSpeech/train-clean-100/1246/124550/1246-124550-0027.pt
LibriSpeech/train-clean-100/1246/124550/1246-124550-0028.flac,LibriSpeech/train-clean-100/1246/124550/1246-124550-0028.pt
LibriSpeech/train-clean-100/1246/124550/1246-124550-0029.flac,LibriSpeech/train-clean-100/1246/124550/1246-124550-0029.pt
LibriSpeech/train-clean-100/1246/124550/1246-124550-0030.flac,LibriSpeech/train-clean-100/1246/124550/1246-124550-0030.pt
LibriSpeech/train-clean-100/1246/124550/1246-124550-0031.flac,LibriSpeech/train-clean-100/1246/124550/1246-124550-0031.pt
LibriSpeech/train-clean-100/1246/124550/1246-124550-0032.flac,LibriSpeech/train-clean-100/1246/124550/1246-124550-0032.pt
LibriSpeech/train-clean-100/1246/124550/1246-124550-0033.flac,LibriSpeech/train-clean-100/1246/124550/1246-124550-0033.pt
LibriSpeech/train-clean-100/1246/124550/1246-124550-0034.flac,LibriSpeech/train-clean-100/1246/124550/1246-124550-0034.pt
LibriSpeech/train-clean-100/1246/124550/1246-124550-0035.flac,LibriSpeech/train-clean-100/1246/124550/1246-124550-0035.pt
LibriSpeech/train-clean-100/1246/124550/1246-124550-0036.flac,LibriSpeech/train-clean-100/1246/124550/1246-124550-0036.pt
LibriSpeech/train-clean-100/1246/124550/1246-124550-0037.flac,LibriSpeech/train-clean-100/1246/124550/1246-124550-0037.pt
LibriSpeech/train-clean-100/1246/124550/1246-124550-0038.flac,LibriSpeech/train-clean-100/1246/124550/1246-124550-0038.pt
LibriSpeech/train-clean-100/1246/124550/1246-124550-0039.flac,LibriSpeech/train-clean-100/1246/124550/1246-124550-0039.pt
LibriSpeech/train-clean-100/1246/135815/1246-135815-0000.flac,LibriSpeech/train-clean-100/1246/135815/1246-135815-0000.pt
LibriSpeech/train-clean-100/1246/135815/1246-135815-0001.flac,LibriSpeech/train-clean-100/1246/135815/1246-135815-0001.pt
LibriSpeech/train-clean-100/1246/135815/1246-135815-0002.flac,LibriSpeech/train-clean-100/1246/135815/1246-135815-0002.pt
LibriSpeech/train-clean-100/1246/135815/1246-135815-0003.flac,LibriSpeech/train-clean-100/1246/135815/1246-135815-0003.pt
LibriSpeech/train-clean-100/1246/135815/1246-135815-0004.flac,LibriSpeech/train-clean-100/1246/135815/1246-135815-0004.pt
LibriSpeech/train-clean-100/1246/135815/1246-135815-0005.flac,LibriSpeech/train-clean-100/1246/135815/1246-135815-0005.pt
LibriSpeech/train-clean-100/1246/135815/1246-135815-0006.flac,LibriSpeech/train-clean-100/1246/135815/1246-135815-0006.pt
LibriSpeech/train-clean-100/1246/135815/1246-135815-0007.flac,LibriSpeech/train-clean-100/1246/135815/1246-135815-0007.pt
LibriSpeech/train-clean-100/1246/135815/1246-135815-0008.flac,LibriSpeech/train-clean-100/1246/135815/1246-135815-0008.pt
LibriSpeech/train-clean-100/1246/135815/1246-135815-0009.flac,LibriSpeech/train-clean-100/1246/135815/1246-135815-0009.pt
LibriSpeech/train-clean-100/1246/135815/1246-135815-0010.flac,LibriSpeech/train-clean-100/1246/135815/1246-135815-0010.pt
LibriSpeech/train-clean-100/1246/135815/1246-135815-0011.flac,LibriSpeech/train-clean-100/1246/135815/1246-135815-0011.pt
LibriSpeech/train-clean-100/1246/135815/1246-135815-0012.flac,LibriSpeech/train-clean-100/1246/135815/1246-135815-0012.pt
LibriSpeech/train-clean-100/1246/135815/1246-135815-0013.flac,LibriSpeech/train-clean-100/1246/135815/1246-135815-0013.pt
LibriSpeech/train-clean-100/1246/135815/1246-135815-0014.flac,LibriSpeech/train-clean-100/1246/135815/1246-135815-0014.pt
LibriSpeech/train-clean-100/1246/135815/1246-135815-0015.flac,LibriSpeech/train-clean-100/1246/135815/1246-135815-0015.pt
LibriSpeech/train-clean-100/1246/135815/1246-135815-0016.flac,LibriSpeech/train-clean-100/1246/135815/1246-135815-0016.pt
LibriSpeech/train-clean-100/1246/135815/1246-135815-0017.flac,LibriSpeech/train-clean-100/1246/135815/1246-135815-0017.pt
LibriSpeech/train-clean-100/1246/135815/1246-135815-0018.flac,LibriSpeech/train-clean-100/1246/135815/1246-135815-0018.pt
LibriSpeech/train-clean-100/1246/135815/1246-135815-0019.flac,LibriSpeech/train-clean-100/1246/135815/1246-135815-0019.pt
LibriSpeech/train-clean-100/1246/135815/1246-135815-0020.flac,LibriSpeech/train-clean-100/1246/135815/1246-135815-0020.pt
LibriSpeech/train-clean-100/1246/135815/1246-135815-0021.flac,LibriSpeech/train-clean-100/1246/135815/1246-135815-0021.pt
LibriSpeech/train-clean-100/1246/135815/1246-135815-0022.flac,LibriSpeech/train-clean-100/1246/135815/1246-135815-0022.pt
LibriSpeech/train-clean-100/1246/135815/1246-135815-0023.flac,LibriSpeech/train-clean-100/1246/135815/1246-135815-0023.pt
LibriSpeech/train-clean-100/1246/135815/1246-135815-0024.flac,LibriSpeech/train-clean-100/1246/135815/1246-135815-0024.pt
LibriSpeech/train-clean-100/125/121124/125-121124-0000.flac,LibriSpeech/train-clean-100/125/121124/125-121124-0000.pt
LibriSpeech/train-clean-100/125/121124/125-121124-0001.flac,LibriSpeech/train-clean-100/125/121124/125-121124-0001.pt
LibriSpeech/train-clean-100/125/121124/125-121124-0002.flac,LibriSpeech/train-clean-100/125/121124/125-121124-0002.pt
LibriSpeech/train-clean-100/125/121124/125-121124-0003.flac,LibriSpeech/train-clean-100/125/121124/125-121124-0003.pt
LibriSpeech/train-clean-100/125/121124/125-121124-0004.flac,LibriSpeech/train-clean-100/125/121124/125-121124-0004.pt
LibriSpeech/train-clean-100/125/121124/125-121124-0005.flac,LibriSpeech/train-clean-100/125/121124/125-121124-0005.pt
LibriSpeech/train-clean-100/125/121124/125-121124-0006.flac,LibriSpeech/train-clean-100/125/121124/125-121124-0006.pt
LibriSpeech/train-clean-100/125/121124/125-121124-0007.flac,LibriSpeech/train-clean-100/125/121124/125-121124-0007.pt
LibriSpeech/train-clean-100/125/121124/125-121124-0008.flac,LibriSpeech/train-clean-100/125/121124/125-121124-0008.pt
LibriSpeech/train-clean-100/125/121124/125-121124-0009.flac,LibriSpeech/train-clean-100/125/121124/125-121124-0009.pt
LibriSpeech/train-clean-100/125/121124/125-121124-0010.flac,LibriSpeech/train-clean-100/125/121124/125-121124-0010.pt
LibriSpeech/train-clean-100/125/121124/125-121124-0011.flac,LibriSpeech/train-clean-100/125/121124/125-121124-0011.pt
LibriSpeech/train-clean-100/125/121124/125-121124-0012.flac,LibriSpeech/train-clean-100/125/121124/125-121124-0012.pt
LibriSpeech/train-clean-100/125/121124/125-121124-0013.flac,LibriSpeech/train-clean-100/125/121124/125-121124-0013.pt
LibriSpeech/train-clean-100/125/121124/125-121124-0014.flac,LibriSpeech/train-clean-100/125/121124/125-121124-0014.pt
LibriSpeech/train-clean-100/125/121124/125-121124-0015.flac,LibriSpeech/train-clean-100/125/121124/125-121124-0015.pt
LibriSpeech/train-clean-100/125/121124/125-121124-0016.flac,LibriSpeech/train-clean-100/125/121124/125-121124-0016.pt
LibriSpeech/train-clean-100/125/121124/125-121124-0017.flac,LibriSpeech/train-clean-100/125/121124/125-121124-0017.pt
LibriSpeech/train-clean-100/125/121124/125-121124-0018.flac,LibriSpeech/train-clean-100/125/121124/125-121124-0018.pt
LibriSpeech/train-clean-100/125/121124/125-121124-0019.flac,LibriSpeech/train-clean-100/125/121124/125-121124-0019.pt
LibriSpeech/train-clean-100/125/121124/125-121124-0020.flac,LibriSpeech/train-clean-100/125/121124/125-121124-0020.pt
LibriSpeech/train-clean-100/125/121124/125-121124-0021.flac,LibriSpeech/train-clean-100/125/121124/125-121124-0021.pt
LibriSpeech/train-clean-100/125/121124/125-121124-0022.flac,LibriSpeech/train-clean-100/125/121124/125-121124-0022.pt
LibriSpeech/train-clean-100/125/121124/125-121124-0023.flac,LibriSpeech/train-clean-100/125/121124/125-121124-0023.pt
LibriSpeech/train-clean-100/125/121124/125-121124-0024.flac,LibriSpeech/train-clean-100/125/121124/125-121124-0024.pt
LibriSpeech/train-clean-100/125/121124/125-121124-0025.flac,LibriSpeech/train-clean-100/125/121124/125-121124-0025.pt
LibriSpeech/train-clean-100/125/121124/125-121124-0026.flac,LibriSpeech/train-clean-100/125/121124/125-121124-0026.pt
LibriSpeech/train-clean-100/125/121124/125-121124-0027.flac,LibriSpeech/train-clean-100/125/121124/125-121124-0027.pt
LibriSpeech/train-clean-100/125/121124/125-121124-0028.flac,LibriSpeech/train-clean-100/125/121124/125-121124-0028.pt
LibriSpeech/train-clean-100/125/121124/125-121124-0029.flac,LibriSpeech/train-clean-100/125/121124/125-121124-0029.pt
LibriSpeech/train-clean-100/125/121124/125-121124-0030.flac,LibriSpeech/train-clean-100/125/121124/125-121124-0030.pt
LibriSpeech/train-clean-100/125/121124/125-121124-0031.flac,LibriSpeech/train-clean-100/125/121124/125-121124-0031.pt
LibriSpeech/train-clean-100/125/121124/125-121124-0032.flac,LibriSpeech/train-clean-100/125/121124/125-121124-0032.pt
LibriSpeech/train-clean-100/125/121124/125-121124-0033.flac,LibriSpeech/train-clean-100/125/121124/125-121124-0033.pt
LibriSpeech/train-clean-100/125/121124/125-121124-0034.flac,LibriSpeech/train-clean-100/125/121124/125-121124-0034.pt
LibriSpeech/train-clean-100/125/121124/125-121124-0035.flac,LibriSpeech/train-clean-100/125/121124/125-121124-0035.pt
LibriSpeech/train-clean-100/125/121124/125-121124-0036.flac,LibriSpeech/train-clean-100/125/121124/125-121124-0036.pt
LibriSpeech/train-clean-100/125/121124/125-121124-0037.flac,LibriSpeech/train-clean-100/125/121124/125-121124-0037.pt
LibriSpeech/train-clean-100/125/121124/125-121124-0038.flac,LibriSpeech/train-clean-100/125/121124/125-121124-0038.pt
LibriSpeech/train-clean-100/125/121124/125-121124-0039.flac,LibriSpeech/train-clean-100/125/121124/125-121124-0039.pt
LibriSpeech/train-clean-100/125/121124/125-121124-0040.flac,LibriSpeech/train-clean-100/125/121124/125-121124-0040.pt
LibriSpeech/train-clean-100/125/121124/125-121124-0041.flac,LibriSpeech/train-clean-100/125/121124/125-121124-0041.pt
LibriSpeech/train-clean-100/125/121124/125-121124-0042.flac,LibriSpeech/train-clean-100/125/121124/125-121124-0042.pt
LibriSpeech/train-clean-100/125/121124/125-121124-0043.flac,LibriSpeech/train-clean-100/125/121124/125-121124-0043.pt
LibriSpeech/train-clean-100/125/121124/125-121124-0044.flac,LibriSpeech/train-clean-100/125/121124/125-121124-0044.pt
LibriSpeech/train-clean-100/125/121124/125-121124-0045.flac,LibriSpeech/train-clean-100/125/121124/125-121124-0045.pt
LibriSpeech/train-clean-100/125/121124/125-121124-0046.flac,LibriSpeech/train-clean-100/125/121124/125-121124-0046.pt
LibriSpeech/train-clean-100/125/121124/125-121124-0047.flac,LibriSpeech/train-clean-100/125/121124/125-121124-0047.pt
LibriSpeech/train-clean-100/125/121124/125-121124-0048.flac,LibriSpeech/train-clean-100/125/121124/125-121124-0048.pt
LibriSpeech/train-clean-100/125/121124/125-121124-0049.flac,LibriSpeech/train-clean-100/125/121124/125-121124-0049.pt
LibriSpeech/train-clean-100/125/121124/125-121124-0050.flac,LibriSpeech/train-clean-100/125/121124/125-121124-0050.pt
LibriSpeech/train-clean-100/125/121124/125-121124-0051.flac,LibriSpeech/train-clean-100/125/121124/125-121124-0051.pt
LibriSpeech/train-clean-100/125/121124/125-121124-0052.flac,LibriSpeech/train-clean-100/125/121124/125-121124-0052.pt
LibriSpeech/train-clean-100/125/121124/125-121124-0053.flac,LibriSpeech/train-clean-100/125/121124/125-121124-0053.pt
LibriSpeech/train-clean-100/125/121124/125-121124-0054.flac,LibriSpeech/train-clean-100/125/121124/125-121124-0054.pt
LibriSpeech/train-clean-100/125/121124/125-121124-0055.flac,LibriSpeech/train-clean-100/125/121124/125-121124-0055.pt
LibriSpeech/train-clean-100/125/121124/125-121124-0056.flac,LibriSpeech/train-clean-100/125/121124/125-121124-0056.pt
LibriSpeech/train-clean-100/125/121124/125-121124-0057.flac,LibriSpeech/train-clean-100/125/121124/125-121124-0057.pt
LibriSpeech/train-clean-100/125/121124/125-121124-0058.flac,LibriSpeech/train-clean-100/125/121124/125-121124-0058.pt
LibriSpeech/train-clean-100/125/121124/125-121124-0059.flac,LibriSpeech/train-clean-100/125/121124/125-121124-0059.pt
LibriSpeech/train-clean-100/125/121124/125-121124-0060.flac,LibriSpeech/train-clean-100/125/121124/125-121124-0060.pt
LibriSpeech/train-clean-100/125/121124/125-121124-0061.flac,LibriSpeech/train-clean-100/125/121124/125-121124-0061.pt
LibriSpeech/train-clean-100/125/121124/125-121124-0062.flac,LibriSpeech/train-clean-100/125/121124/125-121124-0062.pt
LibriSpeech/train-clean-100/125/121124/125-121124-0063.flac,LibriSpeech/train-clean-100/125/121124/125-121124-0063.pt
LibriSpeech/train-clean-100/125/121124/125-121124-0064.flac,LibriSpeech/train-clean-100/125/121124/125-121124-0064.pt
LibriSpeech/train-clean-100/125/121124/125-121124-0065.flac,LibriSpeech/train-clean-100/125/121124/125-121124-0065.pt
LibriSpeech/train-clean-100/125/121124/125-121124-0066.flac,LibriSpeech/train-clean-100/125/121124/125-121124-0066.pt
LibriSpeech/train-clean-100/125/121124/125-121124-0067.flac,LibriSpeech/train-clean-100/125/121124/125-121124-0067.pt
LibriSpeech/train-clean-100/125/121124/125-121124-0068.flac,LibriSpeech/train-clean-100/125/121124/125-121124-0068.pt
LibriSpeech/train-clean-100/125/121124/125-121124-0069.flac,LibriSpeech/train-clean-100/125/121124/125-121124-0069.pt
LibriSpeech/train-clean-100/125/121124/125-121124-0070.flac,LibriSpeech/train-clean-100/125/121124/125-121124-0070.pt
LibriSpeech/train-clean-100/125/121124/125-121124-0071.flac,LibriSpeech/train-clean-100/125/121124/125-121124-0071.pt
LibriSpeech/train-clean-100/125/121124/125-121124-0072.flac,LibriSpeech/train-clean-100/125/121124/125-121124-0072.pt
LibriSpeech/train-clean-100/125/121124/125-121124-0073.flac,LibriSpeech/train-clean-100/125/121124/125-121124-0073.pt
LibriSpeech/train-clean-100/125/121124/125-121124-0074.flac,LibriSpeech/train-clean-100/125/121124/125-121124-0074.pt
LibriSpeech/train-clean-100/125/121124/125-121124-0075.flac,LibriSpeech/train-clean-100/125/121124/125-121124-0075.pt
LibriSpeech/train-clean-100/125/121124/125-121124-0076.flac,LibriSpeech/train-clean-100/125/121124/125-121124-0076.pt
LibriSpeech/train-clean-100/125/121124/125-121124-0077.flac,LibriSpeech/train-clean-100/125/121124/125-121124-0077.pt
LibriSpeech/train-clean-100/125/121124/125-121124-0078.flac,LibriSpeech/train-clean-100/125/121124/125-121124-0078.pt
LibriSpeech/train-clean-100/125/121124/125-121124-0079.flac,LibriSpeech/train-clean-100/125/121124/125-121124-0079.pt
LibriSpeech/train-clean-100/125/121124/125-121124-0080.flac,LibriSpeech/train-clean-100/125/121124/125-121124-0080.pt
LibriSpeech/train-clean-100/125/121124/125-121124-0081.flac,LibriSpeech/train-clean-100/125/121124/125-121124-0081.pt
LibriSpeech/train-clean-100/125/121124/125-121124-0082.flac,LibriSpeech/train-clean-100/125/121124/125-121124-0082.pt
LibriSpeech/train-clean-100/125/121124/125-121124-0083.flac,LibriSpeech/train-clean-100/125/121124/125-121124-0083.pt
LibriSpeech/train-clean-100/125/121124/125-121124-0084.flac,LibriSpeech/train-clean-100/125/121124/125-121124-0084.pt
LibriSpeech/train-clean-100/125/121124/125-121124-0085.flac,LibriSpeech/train-clean-100/125/121124/125-121124-0085.pt
LibriSpeech/train-clean-100/125/121124/125-121124-0086.flac,LibriSpeech/train-clean-100/125/121124/125-121124-0086.pt
LibriSpeech/train-clean-100/125/121124/125-121124-0087.flac,LibriSpeech/train-clean-100/125/121124/125-121124-0087.pt
LibriSpeech/train-clean-100/125/121124/125-121124-0088.flac,LibriSpeech/train-clean-100/125/121124/125-121124-0088.pt
LibriSpeech/train-clean-100/125/121342/125-121342-0000.flac,LibriSpeech/train-clean-100/125/121342/125-121342-0000.pt
LibriSpeech/train-clean-100/125/121342/125-121342-0001.flac,LibriSpeech/train-clean-100/125/121342/125-121342-0001.pt
LibriSpeech/train-clean-100/125/121342/125-121342-0002.flac,LibriSpeech/train-clean-100/125/121342/125-121342-0002.pt
LibriSpeech/train-clean-100/125/121342/125-121342-0003.flac,LibriSpeech/train-clean-100/125/121342/125-121342-0003.pt
LibriSpeech/train-clean-100/125/121342/125-121342-0004.flac,LibriSpeech/train-clean-100/125/121342/125-121342-0004.pt
LibriSpeech/train-clean-100/125/121342/125-121342-0005.flac,LibriSpeech/train-clean-100/125/121342/125-121342-0005.pt
LibriSpeech/train-clean-100/125/121342/125-121342-0006.flac,LibriSpeech/train-clean-100/125/121342/125-121342-0006.pt
LibriSpeech/train-clean-100/125/121342/125-121342-0007.flac,LibriSpeech/train-clean-100/125/121342/125-121342-0007.pt
LibriSpeech/train-clean-100/125/121342/125-121342-0008.flac,LibriSpeech/train-clean-100/125/121342/125-121342-0008.pt
LibriSpeech/train-clean-100/125/121342/125-121342-0009.flac,LibriSpeech/train-clean-100/125/121342/125-121342-0009.pt
LibriSpeech/train-clean-100/125/121342/125-121342-0010.flac,LibriSpeech/train-clean-100/125/121342/125-121342-0010.pt
LibriSpeech/train-clean-100/125/121342/125-121342-0011.flac,LibriSpeech/train-clean-100/125/121342/125-121342-0011.pt
LibriSpeech/train-clean-100/125/121342/125-121342-0012.flac,LibriSpeech/train-clean-100/125/121342/125-121342-0012.pt
LibriSpeech/train-clean-100/125/121342/125-121342-0013.flac,LibriSpeech/train-clean-100/125/121342/125-121342-0013.pt
LibriSpeech/train-clean-100/125/121342/125-121342-0014.flac,LibriSpeech/train-clean-100/125/121342/125-121342-0014.pt
LibriSpeech/train-clean-100/125/121342/125-121342-0015.flac,LibriSpeech/train-clean-100/125/121342/125-121342-0015.pt
LibriSpeech/train-clean-100/125/121342/125-121342-0016.flac,LibriSpeech/train-clean-100/125/121342/125-121342-0016.pt
LibriSpeech/train-clean-100/125/121342/125-121342-0017.flac,LibriSpeech/train-clean-100/125/121342/125-121342-0017.pt
LibriSpeech/train-clean-100/125/121342/125-121342-0018.flac,LibriSpeech/train-clean-100/125/121342/125-121342-0018.pt
LibriSpeech/train-clean-100/125/121342/125-121342-0019.flac,LibriSpeech/train-clean-100/125/121342/125-121342-0019.pt
LibriSpeech/train-clean-100/125/121342/125-121342-0020.flac,LibriSpeech/train-clean-100/125/121342/125-121342-0020.pt
LibriSpeech/train-clean-100/125/121342/125-121342-0021.flac,LibriSpeech/train-clean-100/125/121342/125-121342-0021.pt
LibriSpeech/train-clean-100/125/121342/125-121342-0022.flac,LibriSpeech/train-clean-100/125/121342/125-121342-0022.pt
LibriSpeech/train-clean-100/125/121342/125-121342-0023.flac,LibriSpeech/train-clean-100/125/121342/125-121342-0023.pt
LibriSpeech/train-clean-100/125/121342/125-121342-0024.flac,LibriSpeech/train-clean-100/125/121342/125-121342-0024.pt
LibriSpeech/train-clean-100/125/121342/125-121342-0025.flac,LibriSpeech/train-clean-100/125/121342/125-121342-0025.pt
LibriSpeech/train-clean-100/125/121342/125-121342-0026.flac,LibriSpeech/train-clean-100/125/121342/125-121342-0026.pt
LibriSpeech/train-clean-100/125/121342/125-121342-0027.flac,LibriSpeech/train-clean-100/125/121342/125-121342-0027.pt
LibriSpeech/train-clean-100/125/121342/125-121342-0028.flac,LibriSpeech/train-clean-100/125/121342/125-121342-0028.pt
LibriSpeech/train-clean-100/125/121342/125-121342-0029.flac,LibriSpeech/train-clean-100/125/121342/125-121342-0029.pt
LibriSpeech/train-clean-100/125/121342/125-121342-0030.flac,LibriSpeech/train-clean-100/125/121342/125-121342-0030.pt
LibriSpeech/train-clean-100/125/121342/125-121342-0031.flac,LibriSpeech/train-clean-100/125/121342/125-121342-0031.pt
LibriSpeech/train-clean-100/125/121342/125-121342-0032.flac,LibriSpeech/train-clean-100/125/121342/125-121342-0032.pt
LibriSpeech/train-clean-100/125/121342/125-121342-0033.flac,LibriSpeech/train-clean-100/125/121342/125-121342-0033.pt
LibriSpeech/train-clean-100/125/121342/125-121342-0034.flac,LibriSpeech/train-clean-100/125/121342/125-121342-0034.pt
LibriSpeech/train-clean-100/125/121342/125-121342-0035.flac,LibriSpeech/train-clean-100/125/121342/125-121342-0035.pt
LibriSpeech/train-clean-100/125/121342/125-121342-0036.flac,LibriSpeech/train-clean-100/125/121342/125-121342-0036.pt
LibriSpeech/train-clean-100/125/121342/125-121342-0037.flac,LibriSpeech/train-clean-100/125/121342/125-121342-0037.pt
LibriSpeech/train-clean-100/125/121342/125-121342-0038.flac,LibriSpeech/train-clean-100/125/121342/125-121342-0038.pt
LibriSpeech/train-clean-100/125/121342/125-121342-0039.flac,LibriSpeech/train-clean-100/125/121342/125-121342-0039.pt
LibriSpeech/train-clean-100/125/121342/125-121342-0040.flac,LibriSpeech/train-clean-100/125/121342/125-121342-0040.pt
LibriSpeech/train-clean-100/125/121342/125-121342-0041.flac,LibriSpeech/train-clean-100/125/121342/125-121342-0041.pt
LibriSpeech/train-clean-100/125/121342/125-121342-0042.flac,LibriSpeech/train-clean-100/125/121342/125-121342-0042.pt
LibriSpeech/train-clean-100/125/121342/125-121342-0043.flac,LibriSpeech/train-clean-100/125/121342/125-121342-0043.pt
LibriSpeech/train-clean-100/125/121342/125-121342-0044.flac,LibriSpeech/train-clean-100/125/121342/125-121342-0044.pt
LibriSpeech/train-clean-100/125/121342/125-121342-0045.flac,LibriSpeech/train-clean-100/125/121342/125-121342-0045.pt
LibriSpeech/train-clean-100/125/121342/125-121342-0046.flac,LibriSpeech/train-clean-100/125/121342/125-121342-0046.pt
LibriSpeech/train-clean-100/125/121342/125-121342-0047.flac,LibriSpeech/train-clean-100/125/121342/125-121342-0047.pt
LibriSpeech/train-clean-100/125/121342/125-121342-0048.flac,LibriSpeech/train-clean-100/125/121342/125-121342-0048.pt
LibriSpeech/train-clean-100/1263/138246/1263-138246-0000.flac,LibriSpeech/train-clean-100/1263/138246/1263-138246-0000.pt
LibriSpeech/train-clean-100/1263/138246/1263-138246-0001.flac,LibriSpeech/train-clean-100/1263/138246/1263-138246-0001.pt
LibriSpeech/train-clean-100/1263/138246/1263-138246-0002.flac,LibriSpeech/train-clean-100/1263/138246/1263-138246-0002.pt
LibriSpeech/train-clean-100/1263/138246/1263-138246-0003.flac,LibriSpeech/train-clean-100/1263/138246/1263-138246-0003.pt
LibriSpeech/train-clean-100/1263/138246/1263-138246-0004.flac,LibriSpeech/train-clean-100/1263/138246/1263-138246-0004.pt
LibriSpeech/train-clean-100/1263/138246/1263-138246-0005.flac,LibriSpeech/train-clean-100/1263/138246/1263-138246-0005.pt
LibriSpeech/train-clean-100/1263/138246/1263-138246-0006.flac,LibriSpeech/train-clean-100/1263/138246/1263-138246-0006.pt
LibriSpeech/train-clean-100/1263/138246/1263-138246-0007.flac,LibriSpeech/train-clean-100/1263/138246/1263-138246-0007.pt
LibriSpeech/train-clean-100/1263/138246/1263-138246-0008.flac,LibriSpeech/train-clean-100/1263/138246/1263-138246-0008.pt
LibriSpeech/train-clean-100/1263/138246/1263-138246-0009.flac,LibriSpeech/train-clean-100/1263/138246/1263-138246-0009.pt
LibriSpeech/train-clean-100/1263/138246/1263-138246-0010.flac,LibriSpeech/train-clean-100/1263/138246/1263-138246-0010.pt
LibriSpeech/train-clean-100/1263/138246/1263-138246-0011.flac,LibriSpeech/train-clean-100/1263/138246/1263-138246-0011.pt
LibriSpeech/train-clean-100/1263/138246/1263-138246-0012.flac,LibriSpeech/train-clean-100/1263/138246/1263-138246-0012.pt
LibriSpeech/train-clean-100/1263/138246/1263-138246-0013.flac,LibriSpeech/train-clean-100/1263/138246/1263-138246-0013.pt
LibriSpeech/train-clean-100/1263/138246/1263-138246-0014.flac,LibriSpeech/train-clean-100/1263/138246/1263-138246-0014.pt
LibriSpeech/train-clean-100/1263/138246/1263-138246-0015.flac,LibriSpeech/train-clean-100/1263/138246/1263-138246-0015.pt
LibriSpeech/train-clean-100/1263/138246/1263-138246-0016.flac,LibriSpeech/train-clean-100/1263/138246/1263-138246-0016.pt
LibriSpeech/train-clean-100/1263/138246/1263-138246-0017.flac,LibriSpeech/train-clean-100/1263/138246/1263-138246-0017.pt
LibriSpeech/train-clean-100/1263/138246/1263-138246-0018.flac,LibriSpeech/train-clean-100/1263/138246/1263-138246-0018.pt
LibriSpeech/train-clean-100/1263/138246/1263-138246-0019.flac,LibriSpeech/train-clean-100/1263/138246/1263-138246-0019.pt
LibriSpeech/train-clean-100/1263/138246/1263-138246-0020.flac,LibriSpeech/train-clean-100/1263/138246/1263-138246-0020.pt
LibriSpeech/train-clean-100/1263/138246/1263-138246-0021.flac,LibriSpeech/train-clean-100/1263/138246/1263-138246-0021.pt
LibriSpeech/train-clean-100/1263/138246/1263-138246-0022.flac,LibriSpeech/train-clean-100/1263/138246/1263-138246-0022.pt
LibriSpeech/train-clean-100/1263/138246/1263-138246-0023.flac,LibriSpeech/train-clean-100/1263/138246/1263-138246-0023.pt
LibriSpeech/train-clean-100/1263/138246/1263-138246-0024.flac,LibriSpeech/train-clean-100/1263/138246/1263-138246-0024.pt
LibriSpeech/train-clean-100/1263/138246/1263-138246-0025.flac,LibriSpeech/train-clean-100/1263/138246/1263-138246-0025.pt
LibriSpeech/train-clean-100/1263/138246/1263-138246-0026.flac,LibriSpeech/train-clean-100/1263/138246/1263-138246-0026.pt
LibriSpeech/train-clean-100/1263/138246/1263-138246-0027.flac,LibriSpeech/train-clean-100/1263/138246/1263-138246-0027.pt
LibriSpeech/train-clean-100/1263/138246/1263-138246-0028.flac,LibriSpeech/train-clean-100/1263/138246/1263-138246-0028.pt
LibriSpeech/train-clean-100/1263/138246/1263-138246-0029.flac,LibriSpeech/train-clean-100/1263/138246/1263-138246-0029.pt
LibriSpeech/train-clean-100/1263/138246/1263-138246-0030.flac,LibriSpeech/train-clean-100/1263/138246/1263-138246-0030.pt
LibriSpeech/train-clean-100/1263/138246/1263-138246-0031.flac,LibriSpeech/train-clean-100/1263/138246/1263-138246-0031.pt
LibriSpeech/train-clean-100/1263/138246/1263-138246-0032.flac,LibriSpeech/train-clean-100/1263/138246/1263-138246-0032.pt
LibriSpeech/train-clean-100/1263/138246/1263-138246-0033.flac,LibriSpeech/train-clean-100/1263/138246/1263-138246-0033.pt
LibriSpeech/train-clean-100/1263/138246/1263-138246-0034.flac,LibriSpeech/train-clean-100/1263/138246/1263-138246-0034.pt
LibriSpeech/train-clean-100/1263/138246/1263-138246-0035.flac,LibriSpeech/train-clean-100/1263/138246/1263-138246-0035.pt
LibriSpeech/train-clean-100/1263/138246/1263-138246-0036.flac,LibriSpeech/train-clean-100/1263/138246/1263-138246-0036.pt
LibriSpeech/train-clean-100/1263/139804/1263-139804-0000.flac,LibriSpeech/train-clean-100/1263/139804/1263-139804-0000.pt
LibriSpeech/train-clean-100/1263/139804/1263-139804-0001.flac,LibriSpeech/train-clean-100/1263/139804/1263-139804-0001.pt
LibriSpeech/train-clean-100/1263/139804/1263-139804-0002.flac,LibriSpeech/train-clean-100/1263/139804/1263-139804-0002.pt
LibriSpeech/train-clean-100/1263/139804/1263-139804-0003.flac,LibriSpeech/train-clean-100/1263/139804/1263-139804-0003.pt
LibriSpeech/train-clean-100/1263/139804/1263-139804-0004.flac,LibriSpeech/train-clean-100/1263/139804/1263-139804-0004.pt
LibriSpeech/train-clean-100/1263/139804/1263-139804-0005.flac,LibriSpeech/train-clean-100/1263/139804/1263-139804-0005.pt
LibriSpeech/train-clean-100/1263/139804/1263-139804-0006.flac,LibriSpeech/train-clean-100/1263/139804/1263-139804-0006.pt
LibriSpeech/train-clean-100/1263/139804/1263-139804-0007.flac,LibriSpeech/train-clean-100/1263/139804/1263-139804-0007.pt
LibriSpeech/train-clean-100/1263/139804/1263-139804-0008.flac,LibriSpeech/train-clean-100/1263/139804/1263-139804-0008.pt
LibriSpeech/train-clean-100/1263/139804/1263-139804-0009.flac,LibriSpeech/train-clean-100/1263/139804/1263-139804-0009.pt
LibriSpeech/train-clean-100/1263/139804/1263-139804-0010.flac,LibriSpeech/train-clean-100/1263/139804/1263-139804-0010.pt
LibriSpeech/train-clean-100/1263/139804/1263-139804-0011.flac,LibriSpeech/train-clean-100/1263/139804/1263-139804-0011.pt
LibriSpeech/train-clean-100/1263/139804/1263-139804-0012.flac,LibriSpeech/train-clean-100/1263/139804/1263-139804-0012.pt
LibriSpeech/train-clean-100/1263/139804/1263-139804-0013.flac,LibriSpeech/train-clean-100/1263/139804/1263-139804-0013.pt
LibriSpeech/train-clean-100/1263/139804/1263-139804-0014.flac,LibriSpeech/train-clean-100/1263/139804/1263-139804-0014.pt
LibriSpeech/train-clean-100/1263/139804/1263-139804-0015.flac,LibriSpeech/train-clean-100/1263/139804/1263-139804-0015.pt
LibriSpeech/train-clean-100/1263/139804/1263-139804-0016.flac,LibriSpeech/train-clean-100/1263/139804/1263-139804-0016.pt
LibriSpeech/train-clean-100/1263/139804/1263-139804-0017.flac,LibriSpeech/train-clean-100/1263/139804/1263-139804-0017.pt
LibriSpeech/train-clean-100/1263/139804/1263-139804-0018.flac,LibriSpeech/train-clean-100/1263/139804/1263-139804-0018.pt
LibriSpeech/train-clean-100/1263/139804/1263-139804-0019.flac,LibriSpeech/train-clean-100/1263/139804/1263-139804-0019.pt
LibriSpeech/train-clean-100/1263/139804/1263-139804-0020.flac,LibriSpeech/train-clean-100/1263/139804/1263-139804-0020.pt
LibriSpeech/train-clean-100/1263/139804/1263-139804-0021.flac,LibriSpeech/train-clean-100/1263/139804/1263-139804-0021.pt
LibriSpeech/train-clean-100/1263/139804/1263-139804-0022.flac,LibriSpeech/train-clean-100/1263/139804/1263-139804-0022.pt
LibriSpeech/train-clean-100/1263/139804/1263-139804-0023.flac,LibriSpeech/train-clean-100/1263/139804/1263-139804-0023.pt
LibriSpeech/train-clean-100/1263/139804/1263-139804-0024.flac,LibriSpeech/train-clean-100/1263/139804/1263-139804-0024.pt
LibriSpeech/train-clean-100/1263/139804/1263-139804-0025.flac,LibriSpeech/train-clean-100/1263/139804/1263-139804-0025.pt
LibriSpeech/train-clean-100/1263/139804/1263-139804-0026.flac,LibriSpeech/train-clean-100/1263/139804/1263-139804-0026.pt
LibriSpeech/train-clean-100/1263/139804/1263-139804-0027.flac,LibriSpeech/train-clean-100/1263/139804/1263-139804-0027.pt
LibriSpeech/train-clean-100/1263/139804/1263-139804-0028.flac,LibriSpeech/train-clean-100/1263/139804/1263-139804-0028.pt
LibriSpeech/train-clean-100/1263/139804/1263-139804-0029.flac,LibriSpeech/train-clean-100/1263/139804/1263-139804-0029.pt
LibriSpeech/train-clean-100/1263/141777/1263-141777-0000.flac,LibriSpeech/train-clean-100/1263/141777/1263-141777-0000.pt
LibriSpeech/train-clean-100/1263/141777/1263-141777-0001.flac,LibriSpeech/train-clean-100/1263/141777/1263-141777-0001.pt
LibriSpeech/train-clean-100/1263/141777/1263-141777-0002.flac,LibriSpeech/train-clean-100/1263/141777/1263-141777-0002.pt
